5000 5000
2216 1093 2499
3076 1089 -6551
1007 4766 2991
955 3420 465
1175 334 2340
2937 1557 7021
1577 3716 -1034
3240 4413 222
545 4493 -1518
3759 51 5275
4640 1430 -6609
4440 1784 3407
4489 2645 4105
1281 161 6091
1732 4321 2318
3291 1728 4207
285 3437 3950
918 811 3237
3710 3610 -7050
2803 1556 7846
4665 2706 8775
3560 3975 8034
3775 181 -77
960 791 1917
668 2887 8731
4664 3457 8988
4872 4528 -8993
2675 3800 4940
3975 195 3269
1119 999 -348
3250 2856 -1663
4958 890 -7070
4236 3938 765
2038 598 8970
2558 241 9696
4313 4332 -6507
2468 2626 -8780
3925 682 -2879
1245 1202 3164
3693 3297 1275
4079 518 1996
4238 1288 9205
2817 710 4077
971 2648 6713
1271 4805 5236
4946 1150 6132
465 4675 6635
1965 1269 6796
3828 1619 3103
2162 3265 6374
1168 4885 -4097
2300 2460 9310
4288 2678 -1301
3007 2517 7427
3085 2795 8406
4271 4508 7177
3196 4601 735
1402 1783 -6741
2515 624 -451
2641 2232 -1476
1504 2251 1607
2163 4645 1972
130 3450 -771
2034 1399 2153
4669 4120 276
1172 2476 -1690
4003 846 2573
3268 805 2737
3446 134 593
630 544 -2863
3703 2360 -3067
1375 2847 -1046
4050 969 6918
922 4030 3260
4391 3534 8629
1844 73 2207
3954 230 364
785 2973 5547
916 309 7829
2572 2898 -5526
984 466 3517
2028 511 -3077
4679 42 8292
4033 2310 -6884
181 2578 65
235 3371 5058
2193 1450 6331
2835 353 690
2361 4068 -7200
24 1270 -5115
4715 4553 9970
1356 74 8889
4285 2284 341
212 2932 -9850
1807 2229 -4115
1300 997 -8449
3916 3296 6601
4608 3803 -1239
2660 1315 -807
564 1839 -8229
45 4515 5043
1645 3759 -7964
3501 2464 2694
4565 3757 -5837
4161 268 9086
707 358 -1201
1681 2944 2219
337 2524 1730
4010 575 2290
693 476 2559
3171 2033 5084
624 2312 540
2689 1634 7992
4642 4631 1568
3795 4352 -6053
2980 4568 9638
3278 1296 3401
1604 851 1917
3954 1418 5805
4396 4560 7064
2403 3480 927
2428 1766 2334
1561 1587 3966
1563 1325 -1786
1024 1414 2273
1626 2940 9436
2297 1697 2577
3266 2612 567
3447 888 7002
4241 1659 3073
315 225 3582
2249 362 -358
968 2425 -7698
2168 175 -869
728 4016 2927
1009 4492 8562
350 2304 8531
2721 118 -8482
2009 4210 8493
4195 1231 5426
2375 1962 1044
1029 3508 5392
2320 2350 -4817
3865 744 -912
414 1778 -9328
1901 4935 5609
3604 855 -3795
2955 4932 -7717
2820 3255 1343
1777 339 3461
2919 3507 477
2234 2824 8139
1490 3957 7482
508 3118 -2158
2603 4230 -1623
1008 1681 9241
3192 1297 7434
1069 4517 -8956
2224 430 875
677 4708 -345
1967 249 4281
4198 892 8184
2590 2313 1778
1067 374 964
4921 2753 -1358
3024 4104 8108
472 2825 2949
3985 3516 5523
1319 1502 8052
1092 3159 3328
462 374 3869
3930 4659 -5135
2753 1581 9427
4227 4150 5038
2913 1531 3442
575 3888 -4017
97 2556 7557
165 1809 -654
3658 2055 -701
1167 4632 194
1976 4575 1153
4884 3381 -682
4178 2988 9529
4094 1376 1291
3326 2155 1362
3393 176 -42
162 522 6589
738 1838 -1396
3956 1357 5856
4901 4743 9400
1140 3165 -7123
1814 3517 7928
412 1339 -1236
1377 3582 2028
4039 617 -7348
4762 4803 -4655
2839 4921 3287
1646 3162 5136
4517 1396 1944
1239 2061 -6866
774 1748 7683
2716 1561 -9500
4360 1707 4761
2823 3504 2697
1081 3322 7472
3877 2248 9721
39 386 7376
1266 2978 -1695
2673 2855 8247
4098 1795 4929
1813 3223 7653
3665 4366 4443
4448 4680 -1169
52 2592 -4572
50 2367 6610
3254 914 8360
1615 4730 903
212 19 6980
2095 1271 -5280
729 795 93
2022 483 -3107
2786 1233 1761
4133 2940 -6040
2187 2503 -9620
2487 2510 7900
2673 2345 8365
1981 3178 -1170
1614 2649 6039
3426 2818 1821
2160 1661 2944
720 535 792
1050 823 4429
2417 1932 2991
1721 2405 2452
1023 712 355
3616 3999 -5488
1061 1071 745
4645 4883 -433
1019 1418 5803
1450 3708 -1321
1846 4330 -8661
2828 279 -2193
2621 169 6602
959 364 2306
3941 2457 8653
4177 51 3356
87 4683 905
2459 4901 1186
2829 3338 601
627 4727 -1195
2952 3445 -6880
2028 4250 9939
3861 3097 1986
1084 3301 1496
755 28 -8505
2309 2362 -5566
1894 3187 -7074
4445 1493 2651
3735 268 7965
4903 4608 9724
2618 3101 1456
927 4985 9758
3631 2748 -1445
1161 1035 2822
4418 4244 -4007
3 3305 409
2771 967 7065
4590 1838 8116
4166 1486 9279
657 1904 -2630
939 4898 2371
1638 79 4737
4088 3639 1601
3252 3803 7901
1170 3164 1196
795 1092 -1157
4160 2332 3639
1387 608 5256
4912 2976 8828
4989 4568 -9913
136 1867 -1560
3768 4147 911
54 620 7805
4613 666 5541
2640 320 6991
4459 794 2363
1094 237 3704
4925 4326 7604
4570 2792 1556
3591 874 8646
4391 2160 5845
4605 4144 318
4655 2424 -7760
379 4679 -3801
1107 3305 -319
4854 1159 6651
1015 4806 -765
4458 1342 7132
4691 2206 1308
3489 1022 -9654
3564 3990 -3106
1043 3157 72
4353 3868 -3496
4576 20 6550
334 4669 9866
1728 2752 279
2012 2480 618
3683 2244 2837
1039 3192 4461
3577 1342 -8497
3543 4750 6796
3588 613 6381
2240 4741 5509
993 361 -7120
3490 3068 -1703
1763 1275 -1509
4833 3808 6457
2039 3560 7052
2469 3303 -8051
3313 1858 343
1988 2446 8612
2006 336 1806
1267 1892 9531
4000 2489 2428
4937 4676 -765
4109 589 -6064
4932 247 1061
4871 1892 526
378 272 -6064
1446 828 8075
4105 2471 6733
826 4480 244
727 4702 5027
2697 2955 8215
3579 1367 8362
775 4761 1368
1522 1843 3488
2921 1439 3085
3003 620 -8518
137 54 1955
1052 1693 5617
2645 2100 -6839
1603 3045 1226
3768 4267 2430
2845 848 782
1967 984 813
578 3293 526
3990 1773 9682
1375 2985 416
185 3679 -2089
2202 2266 732
218 3424 -8391
2314 3805 6576
1585 4727 355
4453 1969 -9901
3600 2571 7896
2704 1514 6039
1779 332 -4773
2962 3847 89
1726 1698 -6285
1209 2300 2703
631 2147 4231
564 2032 5290
4879 3442 -1727
3823 816 7840
2517 3915 819
1475 2130 617
1283 2768 1030
4123 1819 8035
959 2478 -1777
3696 3394 4079
3435 753 -3117
2365 4491 -5441
4950 4964 -2970
875 901 -1300
3809 3993 -2668
655 1844 180
3587 327 4680
3639 4335 5154
1805 623 4667
969 1739 -1668
1327 999 164
380 166 2626
1689 2487 3589
4789 3525 2713
922 3359 8054
731 3199 3372
1149 1158 1329
1124 2360 -847
2518 988 919
2518 4375 -9354
3698 4577 1306
4982 312 716
3372 2380 -6593
1924 3931 -7861
3393 3605 5943
2092 3450 1578
4629 3115 -572
2591 4735 -2213
1076 2503 5682
1305 716 771
4970 2415 -7345
4177 1073 3717
4091 2268 932
1451 474 -1199
156 4780 3419
4217 822 667
1455 489 4471
4374 4385 8199
4443 1008 -5248
4994 1466 7539
2954 4059 -3842
89 1726 7476
4058 2600 -7803
4323 2276 5684
2700 2511 3311
2581 1031 7056
216 1080 357
727 319 1896
2695 3410 103
1669 3335 755
455 4637 -9958
918 4872 9736
3530 3457 4659
2631 429 2901
4335 837 615
2737 3438 -6396
4648 3969 268
1471 4262 -1810
3163 404 -1234
4249 3916 4030
666 4664 -1627
2307 725 7264
4618 1632 8015
3999 1161 3847
2079 3065 -7241
4247 1297 -2921
2391 1398 872
1180 848 5744
4986 2754 -2447
4938 127 3175
1969 2338 -7973
4729 2726 1329
3484 2776 9045
4133 4602 3410
3042 3329 7696
1351 1634 -3556
3764 1960 -2166
1627 2441 -7939
290 2738 1025
1224 1903 9121
3214 3327 6058
274 3864 3028
252 3359 2881
2715 611 -419
4504 1803 6490
94 4308 -9292
2647 2367 -4522
3091 827 4545
3621 231 -9310
126 4906 3030
14 95 3797
1535 483 5253
1101 3249 1777
299 2968 4778
3496 2211 -2010
3250 4465 887
3449 2142 9418
2223 1386 8945
3014 1897 9090
1852 1250 -2945
2147 947 5668
1051 2958 -5140
2523 1933 1079
2397 619 2940
3371 238 2118
2343 4255 2269
175 3036 833
1552 2977 5424
3162 4298 9226
1165 2180 9860
3578 3181 2746
2309 2688 1464
985 4373 -3802
645 601 -466
3270 4770 682
765 4630 -587
1594 3613 8637
3841 1371 -5456
2436 4586 -2075
305 1368 -1490
1358 3085 4909
2298 4808 -3575
4309 2570 -949
1771 4707 2296
4588 3955 2435
3984 4100 -8881
4034 3462 321
2018 1259 -1252
943 197 -9305
3549 1860 6534
4459 3356 -3529
3552 2302 -4223
3448 1838 -1510
3649 4533 4126
771 4104 -8326
855 953 1556
894 2677 -3204
654 109 1317
1817 1032 8207
1710 2113 7706
1404 2989 4636
2132 4136 1153
4207 4488 9280
4072 714 5339
1522 2244 -5175
1485 2435 -8637
1406 950 1584
2388 4435 1119
3618 4584 5710
2042 508 8656
2830 4575 1496
1701 871 -881
604 1532 -1673
3923 87 709
2946 2142 9218
2275 4091 4344
4945 247 979
4834 3545 -9605
2593 771 3942
4855 4046 -4125
75 692 4276
1927 2143 5719
317 3393 -7949
3602 2043 -459
2170 1122 4581
4204 1510 2934
303 1469 5169
4653 1232 825
3799 3556 1374
2769 1052 6121
4864 4933 -5275
2449 2082 4049
1236 1497 234
464 2733 6315
3536 3741 6083
3831 1790 -9931
336 404 -321
3730 1023 7573
1554 3979 6578
4905 3064 3969
2783 412 2315
3935 3373 -1694
3493 1644 -1010
2366 4070 -9132
4639 1269 -6979
937 166 1
2819 892 1291
368 1677 -5045
2147 3355 2016
1016 190 9750
3301 3448 8327
1849 866 3156
4123 2093 -3404
3830 3891 -2070
3020 1318 7806
2089 745 835
3289 2262 6721
3652 544 1594
3552 3339 9834
3880 2264 -9931
3133 3573 -4006
4626 972 6715
3444 1819 -5795
553 388 -6404
3168 1054 629
4866 4092 3683
3999 787 -6915
1140 2882 -8888
171 2853 5543
1084 3019 -4538
75 3706 1122
2866 790 -5552
136 2329 294
2690 3856 -137
3553 3410 -8841
1852 1775 8197
3439 758 2665
4812 3935 -1481
290 1434 930
1139 504 815
1706 1209 154
1236 693 -9347
822 3575 4470
2552 2526 7528
833 630 6834
195 992 -8385
3928 4749 -4093
3564 1448 -1768
621 956 5306
697 523 5675
1879 98 6080
3089 3785 5290
3871 3959 5707
4928 2061 -3130
2221 1538 7993
3878 2303 5653
3249 4588 7661
4040 2635 519
4187 474 -10000
1086 2567 8627
4307 2520 -987
2251 2312 7868
1633 2209 3439
4128 2886 -9516
3423 1567 -4253
2009 1379 1248
4370 4721 -5982
247 4256 -8954
3053 3464 -572
1484 3048 -5182
21 850 6358
1906 843 838
1902 2807 10000
1965 3941 -1198
4284 3766 -3361
4820 996 889
715 4233 -3636
4724 101 1930
2168 2997 5032
3117 1656 9675
1374 1203 4944
4043 871 5209
4946 3289 9363
2366 3835 550
4295 3178 5548
2378 439 934
2555 1170 91
1976 867 978
3688 1099 8707
3923 19 -2393
3763 4882 794
3756 1117 1098
3256 2867 1260
935 3327 4827
357 2105 -56
3243 158 2277
3155 1055 -1570
598 4832 -7829
3376 4890 655
4871 1787 589
1223 619 8076
4658 4163 -3905
3374 1218 5799
4991 2968 -1530
3247 3846 -3396
4139 4357 5334
584 1103 -458
973 4851 2422
4283 1900 1188
3355 2876 -5503
2406 909 8848
835 4409 970
1596 3698 4707
4626 476 228
1347 530 -7907
1800 454 -7663
2148 1925 3675
682 2763 159
4110 562 -315
4935 4121 1565
3299 1283 -5605
988 132 9335
1857 3859 -3057
3704 1037 7182
4762 2895 5434
3072 2718 8215
373 2706 -895
299 2344 -3019
2611 4791 4083
4927 869 2679
4163 1531 1085
811 1870 2284
1230 152 9785
268 3934 -448
11 2387 245
2712 4918 -9307
3485 559 -7717
1462 3599 7323
1080 432 6752
563 1595 8545
2047 4329 4096
2558 972 1906
1001 1103 9301
3501 4979 4838
4031 1907 -4739
1150 994 -3532
3512 1132 -5471
944 3914 277
710 4202 -1927
775 3455 3604
3246 4028 -6887
75 4567 -1061
4291 1371 -5732
1169 4630 -1379
2596 4485 5013
1016 365 -6063
2105 532 -3653
2366 1606 832
3578 3860 2483
2617 250 926
4537 3472 6402
398 3916 -5829
4163 3957 8265
2621 3083 4921
3050 3829 7539
2019 1251 7612
4062 4206 -5152
159 4196 7817
3127 872 -4803
2101 2786 4429
2669 1067 466
3678 4267 2905
2289 4983 4201
502 3277 1169
4849 121 9079
1741 1405 4928
4191 4293 -6880
87 4081 7922
35 478 7513
4884 2255 4808
492 2936 2143
4128 3636 1303
1859 1951 3569
4716 246 8649
481 2061 929
403 2937 -1323
643 1608 4886
3014 2142 -4157
797 4778 -4989
2520 2184 2710
1869 415 3043
283 1381 6877
4443 562 -365
1249 2323 81
1968 4784 -417
388 160 450
2732 1811 -5946
1383 537 2661
1885 985 -4280
1882 3844 6244
455 1555 9262
298 1341 -2220
2247 622 -5362
2639 3141 7453
2751 93 6112
3660 1447 8862
846 3349 1943
2338 3961 7654
2589 4319 2970
1837 3625 3428
3346 2882 5024
3173 213 440
2008 4359 4469
3911 2730 -3287
4077 3643 5815
1178 1430 7979
4075 4584 -5802
162 1174 9200
2360 2308 900
2016 3872 -7881
3582 3561 -6818
2240 570 9417
1604 4451 8033
82 1546 58
2843 4525 6118
3418 1051 8234
2242 1092 8534
1432 3911 2521
250 3099 2382
1528 679 1164
914 3109 -3085
739 4132 3772
3212 534 2933
1988 922 728
3942 1179 -4126
4764 3488 -5839
1179 357 7203
2966 2137 5015
3119 98 8883
380 150 -2202
2503 3219 385
640 4050 2851
4806 423 8996
3668 1364 821
3001 1935 -7975
1595 2393 5124
1796 3952 4618
2317 1159 -5465
1122 4636 -2192
4151 995 579
1874 1433 -4047
3112 3596 -3649
3740 3113 -980
2461 3421 5449
2448 816 8444
2638 479 6884
248 3825 -2731
2839 3453 319
4112 2730 -841
3073 1838 -316
1653 1155 -5920
1158 567 3151
2508 2123 5327
1280 3102 1282
4678 1275 5962
875 416 9985
4651 2584 520
142 3348 7246
3619 2005 6547
4894 4773 9662
3566 2983 -2588
3186 3548 4986
3910 1688 3733
2432 4244 -8991
1312 717 2117
919 3212 2367
1751 4127 7271
3115 1513 -6846
1912 4958 971
2149 1937 3061
2135 3449 243
536 1825 5490
1616 1063 2551
853 1584 646
1783 1898 4850
1887 162 -9142
3530 1590 5267
4736 3989 6539
4937 4694 7582
986 1719 9138
4476 4008 2792
399 1983 -7484
4685 1676 -3934
1745 2391 -1423
794 641 3694
827 1025 724
2597 8 -7420
2894 4247 -2791
3500 1919 -2766
1093 2992 -2554
2817 3503 1521
378 474 -2833
1314 1318 6818
846 1123 2423
2858 3189 -4854
917 3095 -1880
4758 843 915
15 1029 7030
1001 4401 -9732
4945 1746 1252
3553 1509 -7560
1298 1804 1646
4856 1719 9028
790 2552 -3967
180 3814 4636
326 877 2520
455 3380 270
1454 4679 528
3976 4389 -6728
4230 2349 2671
1888 2829 2509
3793 1971 4722
2461 311 916
2961 4616 3210
4859 3127 1033
4226 2273 -8781
438 3512 4714
4466 404 8515
249 198 4683
1751 1302 -4714
2386 4030 -6322
4937 4926 6482
4283 545 6731
355 896 -2866
491 4949 2565
679 1451 930
2091 1188 8356
4799 2795 1550
1506 2883 845
3277 2855 5690
4033 3988 4429
251 4748 -8376
847 3452 915
2084 3801 403
4799 678 3153
3617 2600 1576
2229 3998 -4063
1621 3979 -8456
3036 3791 4615
2634 3629 -9639
683 758 1050
673 3597 -4464
2147 4460 2122
4966 3631 9870
2195 3183 7902
3617 11 -3908
2685 1738 1825
4535 1867 -2487
2798 49 -1075
4519 4817 -8303
378 2542 9590
1149 471 250
437 999 7714
3994 2725 9912
1299 1597 -4019
3530 463 -4255
2993 958 2518
4 2036 6921
2121 4684 8847
2246 4464 802
3450 1684 2901
3023 3962 7530
3590 816 -1508
507 2175 -8249
690 2869 6490
4059 430 -8518
242 3790 9995
4954 322 5582
1890 1463 3518
4288 1699 -4868
2270 1059 6957
4131 901 9275
2779 1079 6457
1385 2471 -5565
3460 284 -1027
3207 3357 -7384
574 241 -7508
1918 1206 5996
3676 974 8150
4145 599 878
2540 2866 6537
3304 3999 9272
3495 3270 9519
2024 1177 -7734
4549 2672 -9632
3352 3357 9259
3839 2889 759
1373 3063 -5338
715 1960 -435
1143 918 -6813
1228 3836 -935
2498 2526 -5202
2488 2094 2538
1574 4622 -8968
2952 3885 -2808
1648 2915 6439
4978 1839 -2511
2311 4732 9637
3930 1751 1394
3503 676 1554
3293 3289 9530
649 1539 5405
1437 4184 4672
4113 917 2236
2161 4665 3940
4222 2545 5160
1338 1533 1066
4454 35 -7295
4494 3563 -5191
184 3475 5888
3344 4299 7384
3992 4588 -8450
1022 1276 -9324
910 989 5070
2882 848 3541
847 75 -7200
3850 1131 -3067
2563 398 6474
185 2887 8792
2053 2583 610
2787 34 7309
4183 3369 7023
4388 2646 -1996
1491 3101 2015
514 3424 -3516
4019 2875 6419
2630 1122 -168
2377 1392 -2977
71 2978 2736
1392 4747 178
1376 3561 1959
201 2015 6754
3333 2092 4787
3558 1540 9251
1049 3862 2368
4052 2566 5786
2955 1364 4493
969 3556 9664
1292 3903 2381
2410 323 -2402
3083 766 4712
3503 2088 2
2202 2410 -8599
2780 3257 772
142 2896 4892
1890 3829 -4881
1282 3738 1800
3556 1055 5911
2469 1222 1778
4483 4119 2439
847 53 2727
2043 1217 8406
1104 2262 8596
3676 4660 6733
2649 4577 8334
2393 3381 4041
3889 3292 4059
2676 3993 6299
370 4297 -966
3632 1494 665
634 598 -9854
4157 2979 6556
858 2148 6296
1520 1531 6752
1138 4952 -281
4801 4207 -2822
1082 3557 1885
4883 2504 8261
2058 1024 -3571
4480 1313 5493
1604 3626 4046
778 3107 2739
469 3394 -1525
4194 87 7520
3528 1537 -1939
4213 3264 642
1794 4804 9769
1330 22 7889
1975 405 -3367
1086 3004 2203
68 2795 8455
896 2026 9105
4107 2853 9938
45 2316 8760
2026 3490 5288
2477 65 -9592
988 3092 93
2212 4486 -4080
4510 1545 2390
2098 3248 -7792
4451 3569 9808
1884 2109 -9534
793 2315 -394
2928 4700 7954
121 3744 9014
3397 3112 -1578
3603 3949 7004
2233 346 5303
352 4501 599
3080 2388 -6925
3599 2957 4933
2076 3318 9063
2248 1399 3435
496 580 1105
1316 1832 3855
4579 2742 -2092
2299 145 6477
1459 727 -8093
108 1849 -6643
4320 2607 4974
4937 1546 -5620
4909 3113 -3340
3008 2928 4088
2426 4390 -7352
4939 1981 -9498
4229 3072 8934
217 3568 5610
2372 2623 4785
451 3889 1881
1348 840 -4932
2039 2495 6735
142 912 -4546
2617 2938 -5768
836 429 2384
4677 209 -7042
2256 718 790
4678 1812 -1953
4534 3415 4033
2626 1163 -3180
3173 230 7572
3835 2390 349
1810 3872 4578
4472 2547 -1269
3309 381 -6790
1506 1220 2390
3034 1095 -299
1984 2622 5462
1977 2559 -132
1795 1699 -2355
3758 2840 3158
1979 3344 6505
2642 4626 8088
1216 1159 398
3728 2504 2122
3185 1470 -9671
3089 2019 -9131
1625 1439 6016
1065 2373 7266
4804 1807 7784
1216 2606 5958
1015 3199 5538
3505 1330 3862
70 989 8085
1358 2793 -2977
379 3100 8989
3658 4807 -2015
4182 3591 -3560
4997 3537 8710
2807 4818 2490
868 1326 4150
4566 1978 9801
2175 1363 -1582
2043 3456 -5745
313 845 4020
3806 4106 -9106
3267 2236 -5090
2657 1018 5517
4330 1842 355
1601 1149 1803
1476 344 826
2528 4661 5878
2047 3489 -1403
1534 1903 349
1922 3581 880
3556 2174 5077
713 600 1349
2495 2734 -3426
3509 184 -860
4675 4154 9634
4258 1874 1018
4917 822 -5571
3560 3054 5064
3728 1717 -5672
155 2614 6436
3265 1877 4664
3603 3627 5037
1019 286 1310
1821 2433 -5690
3436 2847 5402
2935 1198 900
2253 1225 -2463
3872 3502 -7495
4086 170 -2323
2093 4554 981
3256 3395 1394
3989 4964 5283
730 4714 1131
2039 4692 3146
676 4257 194
318 1711 6840
2599 4493 -3868
396 1371 -588
11 2496 9958
2260 4332 93
2903 2376 6398
3942 2514 9764
236 3589 1496
2335 1289 1053
66 4334 -6347
3239 1391 3418
2371 1357 6658
1977 3233 224
2451 2695 1659
2262 1471 2984
3566 3445 6891
2 1347 2687
753 2238 -7464
3662 4222 1606
48 194 7341
4028 4964 8979
4335 2288 -6330
3926 3971 3775
3529 2265 -6481
4480 4367 1334
316 3891 1738
4713 2305 -4954
218 671 1904
2078 651 1167
4906 1987 1106
4175 3022 4608
3845 4937 -5491
2472 2356 -4249
3570 1966 -9882
1057 910 -3068
4754 3668 899
870 4256 7564
2980 4073 -2876
3792 1696 3925
4002 1102 4265
4530 1226 1266
2795 1120 -3889
2365 1447 -1525
4687 4282 7230
3460 337 -3218
4302 4504 -2576
4105 897 1668
1577 1310 -3803
1214 4185 5415
4431 1919 -1940
1621 4850 1868
2441 4055 1689
3449 3520 4681
1007 1762 -1798
290 2129 6518
2145 866 -9152
3629 41 -8465
4615 4685 9038
2890 2657 9915
1209 1516 -1883
2748 4027 1704
463 3006 7254
4764 2496 8659
443 3754 8786
4494 435 920
1410 1185 838
778 2003 -216
2270 1642 8845
3813 4916 -8313
3663 1843 -775
3790 1398 7011
365 3175 759
3770 2069 324
2040 2402 9811
440 2856 6060
4905 855 3191
4645 4842 -7266
1830 3867 -1010
1944 1604 1997
505 1543 8248
2495 2784 4652
3425 770 1854
2569 3015 2239
2016 333 6193
4323 4757 60
348 1117 -2800
1579 3712 -11
1383 3260 -5085
2791 4949 1689
4414 168 2447
3943 882 -9513
3973 4394 3171
2471 4517 -9694
3761 4849 7798
1126 1155 1715
445 1405 -1917
4554 2066 -6884
782 1996 -2190
4649 2152 -2914
3071 4880 -5636
2025 2970 7906
4078 535 5551
4026 2430 -974
4837 3273 -50
3222 2705 2723
2466 798 9571
2552 3657 6209
767 78 1918
1466 3404 5166
4698 95 722
3101 1632 5924
3094 378 7602
317 3264 -5966
4633 3102 2661
1059 4525 9135
980 4724 -5463
4817 867 683
1486 2433 7558
649 3992 6204
1217 679 -8886
671 745 1039
1075 2420 189
194 2253 2932
4022 1 -3144
2183 1007 7937
2233 133 -3732
581 1504 7424
2133 1888 2262
4122 2211 2172
280 3712 7699
4989 4399 3112
2670 4615 -3112
1978 2840 -6376
3355 4995 -964
1818 4527 6694
2930 4861 6745
4360 2557 -6798
3201 618 4159
1021 1356 8387
3323 2645 -2481
2628 2679 6952
2036 803 7166
2127 1252 7095
392 742 6473
3384 2817 6621
2181 1531 5353
4945 1884 8972
381 3459 6873
1405 202 6584
1317 2790 7065
2052 3241 8747
2696 3819 2396
435 1318 9313
3725 1289 488
1729 4808 -9356
4636 2337 3642
3355 154 -9233
4469 402 511
450 1581 4970
1017 3132 1659
1904 4220 6818
2335 1181 2822
1350 4014 4460
3809 3776 -1418
4608 648 9292
1156 4536 5238
4487 728 3355
2924 4169 990
887 515 -7047
1141 4480 -1801
3167 1760 -9009
315 2022 9489
1836 4322 -5422
2971 3073 -4103
1878 738 -4695
2376 3866 3933
4864 331 -9418
199 3136 922
1012 900 -934
730 2236 2265
2253 4954 -562
1737 4803 9546
876 1731 6823
1333 3912 -2991
1324 3324 -9313
2027 3855 -4336
334 3820 9666
3559 4330 9272
4157 1383 847
134 1040 1895
819 1660 3536
379 4137 7486
1066 2518 9157
3307 2020 -1317
1588 4039 3372
2537 1361 9624
3620 3048 1148
1075 1775 6597
4354 1843 7373
4795 1895 9088
971 3234 1805
2646 4462 719
4078 141 4493
4488 4439 319
24 2223 3378
4399 1215 6989
4137 3129 2373
2324 984 -126
3461 2462 7155
581 2767 4824
2117 1309 -8669
2005 54 9014
1603 1243 -2649
4106 2786 455
1673 2503 -4079
2102 3886 -5280
3738 3419 1069
2343 4966 2726
1631 4561 -3044
4071 4444 4644
1060 812 8345
3357 4127 -3339
4009 4779 -4004
194 599 1581
850 994 3684
92 2771 8641
3023 1976 9033
3830 835 2339
2716 4466 281
542 3790 -6033
3737 2606 5164
4591 4269 1183
3851 2369 8336
2381 2646 -4675
1074 4002 1254
1891 594 9577
1434 3037 3618
448 615 4048
1762 929 2079
749 23 -6892
647 330 -2633
224 2503 8050
578 3919 1361
253 4841 6191
2622 3493 8413
320 4354 6322
2299 827 2469
3284 509 8333
1918 3260 -150
4336 1702 1112
2406 2304 -8675
3916 1680 -4365
2232 2866 1760
1032 3975 -5837
108 1211 8325
973 982 -5786
4422 4070 5969
1818 3819 -3019
206 3635 7860
969 126 6939
2833 1021 6723
919 430 9002
494 1059 5912
55 1988 9114
2697 4578 9440
4472 1646 9123
1475 4153 8476
2498 3949 9105
1464 3420 -3408
781 584 9041
2072 2178 -1926
931 4982 8839
2358 3895 -3116
3257 2192 -1594
948 4003 2658
986 2828 1174
4013 3360 2349
2275 1587 -2601
2306 4744 -103
3160 3941 -2295
1798 1733 1053
4365 1143 487
2746 2855 -207
3606 1732 3043
1913 1434 1124
4520 968 380
900 1229 147
3766 3751 7475
488 636 -8811
381 4476 -8209
3227 1518 3499
4464 3235 -5264
2675 4904 507
4101 1008 6496
1407 241 -3265
1701 3517 -7491
1212 3748 7917
3048 776 2289
2601 3097 2574
4591 2970 -3509
1587 28 -8315
3992 969 -190
2386 4916 6635
78 1559 7807
4530 1509 4172
1574 1145 911
1084 4063 1744
1947 249 5802
4482 1964 2795
1331 3797 -4750
1782 1758 1703
1704 3181 -6238
2083 495 2112
2096 3673 9075
2738 3719 -6825
3653 297 2518
1039 938 -2005
1254 1650 -2423
4242 2871 -8654
1315 2368 1258
518 2346 2241
4909 4590 -9668
2173 3667 -5136
4828 3624 -1922
946 2237 -7199
1983 906 9507
1566 423 6408
40 86 921
868 1535 6567
5 4882 7932
1772 3874 -4430
912 1656 166
2740 4517 -8370
4744 1620 2952
2794 1647 9852
2006 985 -1172
3635 2596 8601
4305 4748 -9761
536 2676 5035
882 31 7450
2732 1497 9782
4920 1368 9295
279 2677 -916
4965 1695 307
941 3970 -593
3888 836 7868
4704 168 4943
2337 1375 -166
546 267 4435
4824 1406 2960
2452 1411 262
1366 3066 1741
450 858 -6293
2298 1242 5621
1596 2584 -9185
4805 1990 1521
1350 2442 1296
927 1669 6259
1057 4111 -8987
3352 2393 -4012
4832 4594 -2654
4471 3814 1507
1844 1755 8763
2511 166 -8149
1393 774 -6375
2165 4615 -8319
79 411 -7994
4459 3955 774
609 3812 3668
576 2312 -832
1625 1810 8947
1606 3406 7960
2466 847 3342
4402 3611 1694
2885 2237 6925
688 178 804
381 3278 -2062
1636 2480 5090
3194 243 8210
2402 2894 7827
4138 3310 1214
2127 1778 2982
619 4351 8619
4966 1541 7998
1218 58 -3766
1676 2046 9826
3816 1847 -2064
2676 1798 8670
4823 4409 1135
595 914 -4976
4434 4880 -187
1613 4436 8603
4578 4583 -1746
1111 4650 1240
4602 4782 -6452
4362 2502 2064
3484 457 -2360
919 2036 7283
4865 4247 246
181 3935 3989
1924 1813 -4939
2285 3684 651
2208 41 9896
1327 3838 -4706
1854 3903 9043
3905 3144 169
4688 1246 612
4383 2630 642
801 612 3785
2238 1221 -1733
3298 1446 5810
4360 3854 109
519 4489 -9606
2827 3151 712
527 2500 140
2090 4025 171
1528 4372 7459
4939 1315 -508
1689 3422 187
3951 2046 -7975
2838 4792 6746
2349 3487 6650
1783 2465 6424
871 1377 -2072
1041 389 3875
3515 2240 -889
2900 458 9451
4747 2126 2056
2715 2989 9127
4597 1498 8069
3935 661 7486
220 4388 2657
748 487 2447
3558 946 4676
4067 4873 4298
1092 2558 -6762
135 87 1380
325 1510 2945
240 4977 -3927
1563 4211 8893
906 4322 1328
4821 1371 3253
103 2354 4159
1491 4951 1620
3393 2693 7947
3285 4837 1608
32 1131 6779
1020 1214 102
2850 2686 -174
1215 1665 3124
1998 887 9972
4143 663 -1277
3561 249 930
851 3702 6736
3194 2140 1346
1102 4982 3490
157 1435 1841
4116 3662 -5912
1291 1823 8639
4176 2504 7198
23 4490 9474
2865 2312 1667
147 2692 1668
4553 1545 8618
785 3722 -8992
4060 3945 1130
2291 4346 8569
3647 2496 4271
3244 3288 1459
558 4093 -3783
4629 3700 520
2741 1689 -166
2169 1601 7492
3512 2778 -642
928 2703 9674
1539 4649 -9735
3695 2347 -733
395 1684 -9429
1455 2746 2183
4498 4341 -2397
3354 1657 -1941
2400 2409 8664
2601 1744 601
996 1113 3184
697 4667 -951
231 4173 -8996
449 2480 -6905
585 3180 -3001
1166 1611 -8443
4274 3766 -7299
4863 4148 -3200
395 4330 -2096
1881 4384 667
4850 2096 -766
284 2844 9206
3690 3872 -2016
740 3710 4606
152 2529 -3773
1969 964 1893
4503 2651 6304
2119 162 -1007
1501 2973 -905
175 2688 -2341
3427 2992 -9067
524 1337 9542
2977 290 -4892
327 2766 1537
2248 1412 -760
131 4569 -6300
1054 3540 2398
2114 3154 2768
3574 4100 1666
4510 2942 2794
2621 1161 8121
817 1267 -5724
2791 2397 8304
718 2469 2378
4615 4213 1653
4173 452 6749
2602 4972 2444
2235 2572 947
3117 2398 -3276
3168 475 2317
1682 3838 1360
1455 1558 -1040
2448 160 -1894
4969 4693 6517
3680 2064 1923
2083 1571 -2089
3728 3777 5293
419 535 686
4172 3719 239
463 2365 1128
1744 230 9769
4198 2749 7504
4135 4352 205
4676 186 -276
4575 987 4227
3386 3349 -629
2434 3704 -7606
1404 1552 -4680
1623 2485 8741
4330 4860 -4950
3223 1724 9747
2256 3195 5532
1008 2234 9719
1198 2494 1755
38 2441 4013
2328 2545 5241
901 1439 163
1151 4634 -62
2128 3284 6429
4838 973 7688
309 3872 -4834
4062 1075 9640
3551 4490 -2364
219 2670 7859
4787 4122 3275
988 2975 7250
4499 2352 5715
2983 1728 4242
3918 4771 2217
4962 563 8596
933 1932 7915
1979 1553 6317
3720 2944 4133
4017 3619 -728
375 4233 5420
561 4805 -2496
201 4717 6871
2427 4725 8902
4305 2757 9345
1218 4417 3137
1764 599 9449
423 3670 7913
1724 2909 4018
294 3538 5722
2224 3244 1683
1600 699 -648
3250 2478 9383
927 1549 2341
3216 2929 1054
1469 2528 7724
211 4350 9563
2142 704 -3162
4979 802 -196
2097 1220 4352
1512 4752 4181
1875 4375 3922
3762 3293 365
1196 730 587
4427 3202 -5232
2144 3071 1095
2616 3126 -7235
2919 1320 2039
4764 217 6707
2605 1614 2144
3789 3730 9455
2490 1106 2892
2660 1099 -4857
4652 4080 9000
1753 3560 -1048
2536 4399 2773
1141 2035 -585
509 4818 7
606 2730 -2745
3249 4322 5304
1823 3887 6317
2330 1161 630
397 1272 5003
1575 3920 -3281
171 973 1790
3523 1139 6478
3455 3532 -4246
2449 2176 1687
1827 1632 3686
619 1188 2937
1253 3038 4820
2361 3950 -100
3311 318 4188
2360 3329 2031
3503 288 4157
144 3230 -2945
3976 309 7850
3270 23 2681
1720 3154 1338
1608 3614 -2967
1712 344 8457
3811 4204 1408
3847 4670 6725
1400 2714 5950
1503 3414 -7586
2883 4668 9821
590 2364 518
1035 409 5888
1222 4466 8702
2981 4412 2554
2277 1494 4087
4593 2622 6309
4567 3122 -4022
4298 4954 -287
1887 3396 7904
3442 4663 8840
1313 3620 -5843
517 2969 -4917
748 329 6267
4177 1081 8368
3024 827 6173
1204 3544 9813
1028 2122 -5232
2174 1768 -6070
2226 190 4223
2611 1188 2216
3137 4957 5641
154 3515 -3509
890 4904 5409
2833 3704 4568
2588 2470 5518
1118 4949 -5028
4520 2472 7771
1535 979 1373
790 2843 4168
835 1483 3548
4646 4642 8216
1191 3225 7760
4143 977 7969
243 796 7432
4524 4050 2768
2338 2624 -3578
3674 3436 2
4541 3843 4575
4931 4079 6203
2672 1571 -3028
1358 4465 -1379
2291 967 3739
2725 4420 6148
1147 929 5992
1989 398 5341
3975 2282 -4181
3778 936 8866
2603 4966 3822
3432 3439 4122
3856 2716 5909
1003 2294 1663
1866 1840 7279
2328 3842 274
4081 1856 -3157
3449 453 -2517
1233 770 -6788
4885 388 767
3770 3365 -1870
3702 3369 9259
4480 3595 7607
978 3097 2777
3115 2686 2104
3138 3246 1355
1048 1407 -2847
1006 3711 9929
2479 832 3821
2095 4251 -159
2284 572 3111
3923 3938 3178
3182 490 9286
3429 2452 3006
619 4902 6119
706 4327 882
441 871 7164
4381 4070 1778
3582 1674 4200
1308 1356 -6924
4161 3821 -2775
2368 421 -6372
1287 4341 -7764
2593 4070 5248
4727 4833 1569
2920 632 -1117
3294 1940 7250
2436 2329 1816
3709 3527 3842
2165 2651 1014
478 645 -2141
2740 4523 9773
1882 4134 5445
4769 3195 7528
1349 3708 -141
4075 2512 -774
3328 4361 8033
4724 2692 -4380
1159 871 -7884
3074 3182 9087
65 3022 1471
1679 765 8250
987 2681 -6721
4921 4545 7374
2836 3369 6858
1107 2242 -3501
4610 4369 2359
1291 62 7406
2980 1881 -9993
1794 1032 -2877
4294 4627 -7878
2831 2516 -2008
2057 3201 3334
4308 2212 3299
424 557 1671
3175 1093 -4068
2107 623 -3929
723 899 1655
600 3146 7699
356 4729 5723
1893 1567 -1981
2551 497 1044
968 4985 659
279 4186 -9063
2775 2528 2169
3233 3717 -4417
312 206 -1777
4209 3704 9153
3794 1781 518
2146 1443 -9129
4690 3271 5669
10 1470 9201
3087 3172 -4031
3788 4824 3347
2686 2840 4440
3565 641 816
3055 2754 3707
175 1377 -5066
583 1094 1779
2241 1519 -9176
4460 2035 4179
3244 3771 1285
1451 910 4288
1224 1492 1585
4981 3461 5042
109 2539 4254
3717 269 -5575
4307 4358 -1573
3852 3125 4943
2690 3790 -3423
4718 2113 -5889
2986 3657 2988
3187 3480 -1220
2349 4689 1679
4175 4910 2375
1632 1995 1327
1538 3819 2922
2373 2865 7304
608 2513 2546
3276 985 -3368
1833 218 5977
1453 731 7443
3114 4728 6235
3176 655 5728
3867 1555 3451
3934 4892 8361
551 2703 6300
1213 1538 -1727
1696 3915 9017
4448 1089 2307
8 2267 9949
988 3008 9950
4969 1607 3371
4244 751 1610
4293 2177 6231
613 365 3879
3023 2643 8779
283 2636 1079
4872 2903 -7812
2347 943 8754
1747 381 8258
4335 3307 8259
4890 2729 -4619
4453 3427 -1833
2678 74 -744
2072 922 -7527
1035 2612 2855
1461 29 324
489 1047 -9656
2167 1870 8028
3172 1749 2480
2636 4202 -4413
2533 4944 8056
2622 1252 6698
2367 2434 2383
1699 3352 2428
4723 675 6148
2629 1665 9596
1053 1695 -7869
2530 2084 8330
3309 2125 3667
3901 2610 4298
1055 4009 4132
1124 4914 2417
4058 3635 6751
2536 3205 8460
3756 622 -6507
128 1216 9882
3501 3250 -6497
342 3197 -3917
2592 2346 2877
4728 698 3837
3646 4894 -290
3400 2912 8004
1514 4418 6691
3885 1653 -3251
4917 3853 -4202
5000 3195 5964
3020 4211 -2132
3896 3136 -4278
1949 2252 -8786
894 1428 3964
3942 2339 -9914
1953 3205 3278
446 3999 5941
3931 1470 1503
3922 2509 4143
3010 3875 1989
745 1341 3002
385 1375 7196
128 936 6411
3877 2127 -1619
215 2657 9611
1816 3869 1181
194 745 7127
2313 1549 338
4585 625 737
1401 1827 -6443
3009 4595 -7917
3895 3891 2282
3736 3321 1844
3030 2687 1840
581 2485 -6340
42 701 2276
1870 4704 222
3167 535 35
3831 1068 -4903
3178 2649 5466
2762 89 776
1645 2206 -8830
3298 1363 3006
3063 3395 1413
1007 2170 3962
1834 2771 4186
1621 937 2114
2587 73 8189
2892 2655 -6047
894 2617 928
945 4378 4317
703 4839 -939
1484 1055 8733
2714 2486 -3001
1480 2083 4726
2148 3747 9817
270 3549 496
935 3864 7566
1131 4129 -4504
3683 2762 -1935
1101 3383 -8975
3583 82 7400
1290 3522 7723
3812 471 7607
3817 3130 4004
4395 2339 -9455
4775 2746 -1000
2953 3570 601
971 82 1704
1378 174 6190
2778 4334 -9289
4227 4030 9470
3532 4590 -9651
2519 3650 -733
1109 3492 5509
859 2888 2720
4445 4377 -7135
4962 4362 8836
2680 1432 9111
4202 4654 4600
2727 3953 -4789
4021 2621 -7886
4909 4695 -5703
1673 556 -4734
2027 90 1454
128 694 1619
3813 4558 -5614
2008 4024 1147
259 2842 -5506
4540 524 -2523
2032 283 -3526
2129 631 5433
3694 4415 651
2363 1435 5937
4536 4058 -1494
1774 805 1313
3294 715 6625
4412 2847 1372
1109 2016 4121
2589 3615 1498
1037 1302 3919
1315 2527 -3846
4289 874 2647
1162 2875 -720
1778 4860 -1708
2598 1526 3513
1853 1718 2441
1413 1462 3657
2888 3609 9185
3560 4667 6988
289 480 6473
926 4028 9040
4503 395 -8585
1057 3250 8681
1751 2349 -8334
2815 3642 -1598
4696 4254 5883
3139 4999 4890
3063 2250 1875
2049 574 -9371
3036 3041 -1057
3142 2849 3430
4371 3629 6992
4013 5 1825
4684 3991 4947
483 2116 9431
3683 2858 9263
4676 2507 4392
2257 3582 8891
1363 445 2198
3825 1950 -1271
847 686 -5961
4388 1403 -3282
720 3824 -4844
2070 4575 2243
3110 1266 -206
2590 1170 8897
698 4300 7314
4770 3233 -3835
1619 1733 -7983
889 674 -9296
907 2149 6017
3151 2505 1464
1887 3043 -4198
540 22 6617
3051 2432 690
2941 1228 5011
1027 3409 -5291
1809 1052 2901
2259 1097 189
2934 1816 3541
1936 2710 7176
3154 4416 -797
4484 1535 2125
1850 825 7704
3998 732 -9333
1391 153 2745
1224 2822 -6954
203 3812 3828
1112 2123 5067
3024 2538 7219
2991 827 6541
1090 4206 5250
1853 4629 2212
3344 657 3443
2875 4763 3790
2591 2093 -6411
1967 4050 6153
1055 1562 -4867
1795 4899 1208
796 4157 -2489
2839 244 -3922
2998 3076 6652
1979 272 530
2737 3627 2419
3981 1547 -1064
3694 3106 2535
4977 3631 8519
1648 3524 8532
2668 2473 -8501
3456 3522 -4460
3000 4685 2126
2130 4910 3412
795 3046 1089
701 2777 3909
4080 2814 8754
407 3525 5693
1212 4893 -6182
1134 939 5995
2330 4785 8650
32 1342 5222
3512 2267 4332
2917 2318 5255
344 226 9008
1608 439 -3322
4736 2526 4013
761 2103 -6353
522 1574 5294
4021 2852 5185
4629 1074 9553
3957 4075 8803
1402 2322 -2571
867 1146 1204
2503 2381 6930
4840 1623 2133
55 2499 -2369
4985 502 -3836
1336 3851 632
749 4919 2754
116 3079 6777
4344 358 8931
2401 2914 4988
1956 1937 1441
874 4761 2540
1586 421 -1520
523 895 3800
2997 626 6811
208 2383 -9619
3744 619 6526
4783 4566 3364
4003 3855 8347
2082 3702 3591
4106 1570 6245
3238 20 7642
2022 1500 -4952
3398 4339 4209
1850 2305 8287
4160 1455 -6819
3423 3247 5660
4175 4955 3962
65 739 5827
223 4420 1398
1919 1213 4351
2797 35 3243
1455 3624 12
1972 4687 767
3199 1051 459
649 2296 -6141
829 2554 4050
848 2573 -1124
1793 1269 6457
1213 4239 -7304
1966 1152 6238
4356 1812 -2976
4628 1569 5794
1393 4254 6039
2776 2774 665
3017 3873 6300
131 3236 8686
614 3704 4866
567 3761 7469
1607 4600 9104
2317 1939 -6215
454 803 1921
3898 3918 9698
4952 2463 5989
2661 4819 9958
433 4396 3983
4986 3691 -5713
1485 4034 1621
1418 2128 -7779
2112 1136 -1635
2193 4644 6675
111 1166 4377
1727 3248 696
1493 965 7832
3496 479 4481
375 2545 -3656
3164 2168 9742
4272 3126 -6453
1743 1439 -325
4413 4792 766
1914 1892 -7294
1546 2809 -7477
984 4795 6023
4892 1783 3457
3794 459 1168
69 2164 7231
1635 855 879
1867 4060 2348
1653 1416 414
3577 3010 6333
1810 4608 1321
812 2611 1624
3396 3233 8785
1263 4553 9944
342 44 5611
16 4978 -365
2152 3082 6689
1961 3863 -2938
4719 1255 2864
840 2341 3877
4834 4018 -9128
2079 815 -5690
1343 3990 -2223
1724 3930 5016
3468 988 1487
234 1879 946
694 3367 -1875
2374 269 1055
2053 246 1934
1435 1221 683
894 3277 -2693
3391 2588 -548
664 2596 7215
1628 20 -9134
4567 2943 5548
1440 2139 1887
1772 3877 -3979
4646 4187 -724
1867 3553 7731
4506 1304 4634
4884 4900 3947
4608 997 -8630
3947 4817 -881
2062 143 -1917
4560 2471 2471
4485 649 7805
4911 3835 6785
2556 4110 -8994
2817 3795 -1561
725 3434 8449
4753 3884 2540
4655 3458 -7345
3223 1956 8890
2354 223 -7965
3449 2665 809
1422 4791 8772
2229 1937 8674
4532 2939 7193
3985 1175 -2227
4331 2706 -9491
4955 557 3451
2652 4509 7901
2521 2492 9489
4679 3577 -1463
3131 886 7102
1972 4336 -6884
1419 2252 -382
362 2728 9258
1420 2096 -643
1172 3787 1126
2176 3061 1251
63 4917 4149
2680 2266 2933
1453 3897 6363
144 3274 6183
1717 4813 8208
897 3231 923
632 321 110
773 1946 6021
6 4708 100
4742 4997 3758
7 4343 9590
1559 3769 7540
1523 2231 -251
4442 1216 712
683 2823 5837
4984 2325 2463
1101 828 -3869
2564 4135 -3138
2667 912 1181
4841 561 3871
3140 4704 1652
1423 3373 -709
3434 1989 2717
4794 740 7979
171 2071 6200
4403 2568 6138
320 4221 5335
3013 1611 3326
785 3398 3795
4520 388 3113
4623 2196 3045
730 497 1472
2664 2515 -4653
1825 480 6556
4623 2406 1374
1875 1637 2794
3905 1467 1487
1958 247 -3323
217 2034 -5932
1632 1035 -581
956 1618 1907
2480 1959 9696
318 52 6504
3307 2032 666
1108 742 8049
273 4301 -3780
344 2081 -8379
1885 2394 4451
2656 4123 -4067
4560 2853 6832
2383 957 7518
4198 948 4072
699 574 8530
1543 1734 124
1525 4359 -5274
4184 1909 8194
3996 686 8517
1264 147 3506
2722 371 9096
283 442 1642
2372 1229 9256
1162 1794 2267
3279 2342 8320
1769 2518 1194
1438 1178 -8833
176 887 1231
4629 2757 1037
2842 4328 7977
3290 4418 7211
2833 4329 6089
1518 1484 -2647
3960 2756 -6034
72 4689 8175
3888 4955 -3023
4402 1794 -8263
3700 328 1949
2538 1605 4501
805 2019 -1741
1315 1459 5733
2854 3991 -2340
2449 2290 2054
537 3365 -3402
4192 4844 8044
2992 1224 -5630
3366 702 8348
2636 912 -8112
2972 82 1875
3858 2655 5702
3050 3733 -9408
4337 3895 -88
1384 1786 -5
4166 2634 8132
1485 1069 -8330
1433 1584 7290
2652 3225 4329
3461 781 -449
3281 755 451
51 456 608
4753 3412 9962
1215 237 4534
4000 1282 9141
3609 2979 8403
2280 2672 7631
925 999 5180
3713 1002 -4360
748 4791 -2923
539 2498 2242
1442 3080 -1421
4941 4134 7830
3894 4641 6547
4642 1655 6973
3829 3774 8929
2375 2411 4359
2814 942 -9266
1374 500 7367
2695 3045 -1345
3574 1631 -4868
4791 1179 1089
2753 390 2666
3058 4635 534
1461 3830 -1559
408 1852 602
2355 1394 8207
1134 2075 8362
19 4998 4777
2652 31 1830
3254 3309 -143
2278 1940 -4805
90 556 7730
1003 4993 3870
505 68 7219
1232 3250 8032
163 1372 -2731
3838 4239 1146
783 3524 -9956
1768 186 5284
1542 403 -8686
918 1205 5813
4241 626 283
236 1410 1882
214 3175 -6259
1324 2441 1845
839 3899 9473
1280 1166 -4252
2098 4333 3668
1481 1392 838
4442 4156 95
2011 299 8481
4916 3745 -777
2558 575 5471
4147 979 2254
4951 4503 5492
1125 288 1500
4564 2058 3162
1148 3195 6
2124 957 9597
2638 2864 4053
4373 175 -7840
597 3290 5906
4156 2652 -4294
991 966 8893
888 4771 201
1863 3957 -2954
1063 25 -2966
906 70 8974
3608 1147 -6271
2004 3041 4230
1887 4207 -1912
2689 4973 4913
1716 2236 -8107
3252 180 -9761
3788 4741 8900
251 3578 782
415 690 1285
4880 4425 -5074
1144 55 1107
210 2367 -3742
1089 4451 71
3370 4278 3604
4108 2410 5374
2054 3587 2603
1026 1604 7674
2666 3080 -9710
3240 1148 -607
1170 723 4685
4125 4249 -9719
3273 117 5547
838 401 -4638
2933 1747 9918
4450 2289 -8966
2425 1632 -3458
2798 4574 -8948
113 1297 2166
4258 2831 481
2642 3543 9005
2178 2752 7674
895 3921 -6095
239 1209 7424
1989 4152 7829
523 4717 -5097
4048 1793 -8497
2696 3691 -6222
852 4622 2516
3033 4729 9739
1413 2421 6853
1791 2428 -6818
2814 1159 1153
2126 2097 -6760
1374 4131 37
1725 927 5078
4207 4329 -9734
458 498 9289
4118 1543 3034
2516 74 -6882
1053 159 2412
1631 3994 1447
724 2215 2108
4179 2002 -6688
1475 1160 6668
981 4829 6283
570 4263 596
2437 1643 1625
2018 2335 7407
1910 1592 1567
4353 1397 1308
1202 1675 3894
49 2290 9982
2747 4784 2187
4257 541 -5084
1050 2463 3791
1251 855 -2594
844 3371 4872
1981 3477 7662
1712 308 -6574
4784 1881 -3155
1675 261 7199
3364 4553 8234
4468 159 2092
2386 3103 9548
160 1179 9545
2488 4471 6313
3479 1092 -577
2465 4 325
1997 1755 256
234 1924 5829
2114 3489 -9511
2590 143 2199
3827 1929 2508
4451 4612 9223
2046 2819 487
1267 2019 7978
3490 3130 -4566
4676 4724 1543
652 1278 5001
4888 559 -9593
2427 363 4951
605 3346 1774
1270 4345 9623
134 3663 7723
2008 546 6536
120 2010 4166
3363 183 1786
4766 1079 3131
2090 4059 6803
1150 4338 -6168
3318 126 8347
3330 3190 6288
3418 227 4080
232 2055 379
4070 4690 6290
1874 3183 4869
3952 1727 6728
4911 2701 -8027
902 218 -7449
3120 305 2753
197 69 6612
68 1809 6446
4373 4889 -9209
2788 4800 6446
763 1609 2125
3711 2226 9791
46 1973 4762
3695 1160 4085
2067 1960 2285
2146 2978 3751
4185 3699 2742
1547 304 -7392
821 4776 1900
2998 1992 1790
2319 1111 -1318
639 1124 9606
3131 3924 755
380 3177 -4334
2265 4639 5059
3583 3825 6817
4661 1203 -923
2917 1993 9471
2600 1184 5189
4233 4779 3754
4197 1818 414
1145 4773 4282
2381 3527 3062
1256 401 -1722
4972 2628 1107
3307 3668 -3401
4081 3577 -7647
2220 927 8858
3226 4328 -5621
4978 1584 5876
1614 4546 5160
2159 2058 -9763
3913 1922 7564
400 440 9269
499 4736 -1467
968 2046 -6830
417 2975 2241
4342 1105 980
3123 4712 4033
4739 34 2643
260 2021 9678
661 2183 2347
3901 2246 8162
2078 3138 7469
4818 4344 3179
4165 1120 1042
76 3873 2792
444 4787 -2724
2797 3693 32
1944 752 8562
1880 988 6284
773 2346 -5697
486 3921 9000
232 4789 -934
2257 4709 -1591
1578 452 -4716
1389 3306 5484
4036 2219 -6196
338 1440 2049
2509 2565 -6016
2556 3956 -7315
1861 2792 5111
1691 2732 3780
3446 3148 3988
4211 2292 -4392
1414 800 -8647
725 1916 1481
1903 909 -3587
2244 64 -7235
927 1721 5918
2017 1822 2520
2744 3213 9956
2216 3219 -1085
488 999 4436
3336 3559 -6571
4962 401 8690
775 3460 8303
603 688 5283
4116 3155 1403
862 2430 8228
4667 415 -1395
4593 1001 1667
708 345 5280
3462 4353 1188
452 426 2640
4923 1949 -5790
3250 3508 -5524
586 1799 -8460
4676 4881 9889
3993 436 4636
4224 4617 2608
2267 4221 6067
1891 73 7262
4846 3049 2375
4157 2487 -1485
2699 1536 3731
2595 4375 2641
881 921 8919
812 1017 -6755
3706 3445 8965
3485 2649 -4529
3796 1906 9557
3189 3069 7388
1074 3305 6706
2625 27 -1689
4376 520 -3515
713 4784 193
2570 1913 5107
4704 2394 -1697
4358 3961 8050
4472 2759 -7306
349 2986 5169
1741 3563 -578
527 4282 -9777
1941 1758 1361
44 2033 4837
567 2988 -8597
1043 1103 9844
2680 195 4047
1558 676 -4792
767 1777 7124
76 3165 -4177
1363 611 -2973
1470 1590 3619
2167 4871 -5495
827 4434 -3124
1333 4083 7459
2125 685 -3599
2768 4291 2343
2929 2883 5539
848 2311 939
2426 3118 4804
2842 1851 6925
4311 3740 -2889
1725 3726 -5053
241 1006 -1965
191 4099 8754
3685 3363 -575
3350 1731 8212
2648 1138 -1330
311 3336 -6160
1790 788 -4797
698 723 6919
2186 2152 -923
4956 4256 382
3873 444 1116
2900 3269 -943
1031 1083 1251
4534 3262 5207
3792 4329 4086
3404 2812 -6343
4472 2777 -1089
3367 2881 9987
1412 2488 8580
770 4694 -9558
1167 367 3280
4320 2238 -4812
3934 4029 -1117
3305 560 2582
540 1291 8199
1201 4232 -9065
2222 1534 -2269
2617 1606 3215
3576 1160 -5713
4020 4862 -9989
1599 4303 6906
4947 4063 -1932
2989 2548 -3109
3618 4860 7848
3080 3838 6608
3568 1902 7044
706 1005 -9197
763 2408 1723
2563 1015 9285
113 2321 9424
1347 3390 7330
784 4149 -840
993 2104 -3908
3135 148 443
4702 4965 7806
3291 2906 9734
1762 3709 -3974
2204 1630 3292
2606 1568 6424
3413 2619 8512
4897 1020 3299
3071 4906 -1548
4100 2322 9658
4822 1062 5246
3829 4449 -4580
2394 1654 -8806
2919 4585 -9373
3832 318 73
120 1722 4563
1207 3639 7233
4898 3267 -6298
2955 570 986
3091 1211 -4296
174 2121 -7207
4829 4163 -4746
1609 663 9003
1687 1794 9837
1455 1106 3104
26 2744 8854
299 1264 8420
3037 3955 6970
573 2823 -8471
3881 2933 -8999
2393 2668 -1982
4317 3572 6377
2736 2669 6275
3803 4913 -3573
2773 3575 2210
1849 1857 498
1937 4689 6845
4242 3279 939
2375 4878 2729
4659 3072 -9327
2817 1519 -5360
782 2614 -4593
2377 2999 9597
1874 2774 1736
3689 941 9779
2544 1801 -4496
1596 1973 934
751 2758 647
4474 4216 2176
4674 671 -1168
1120 2864 5485
2381 1544 -1587
2493 404 -1759
1811 3779 1484
2334 1466 2251
3635 2079 8488
4331 1848 -2810
583 2588 9371
4857 4329 -9050
108 2224 8845
1630 2503 474
2532 1478 536
3487 931 -9377
207 2465 -2283
1789 3871 7624
1613 4389 -5930
2220 1924 -971
950 3087 -4652
4923 4492 652
2122 3608 -6476
1191 3546 8208
4825 3494 4888
2327 2573 4640
4493 242 5461
153 2473 7897
2195 1083 -3577
3972 925 -4685
2158 866 -8175
964 3086 -8912
1547 2260 4279
4202 842 1691
646 4068 2163
1681 3398 748
4132 2382 1468
1458 4721 7540
3910 2628 -5163
32 622 392
821 4541 -784
1749 4398 5345
3424 1233 5358
2603 492 6412
672 2903 3132
3372 2167 7387
2812 255 9318
538 3364 289
2789 3096 7082
4848 1257 -5370
876 4091 -9484
2031 4075 513
3191 2245 4658
714 1313 -1128
1760 3785 -7641
1331 815 4980
61 4364 974
3923 572 8573
209 904 6870
2390 604 -5714
4457 1458 -5559
1100 1878 -9940
40 3012 2252
106 311 -2342
1100 4539 3684
479 4325 7732
3327 4690 -6660
3879 1597 2345
2471 1341 465
4923 342 8198
1638 4174 390
639 324 -6226
2371 3492 -7716
1563 1797 4357
1295 4911 4189
2779 3639 -540
3856 838 824
350 1553 88
234 4961 1649
1715 1621 287
1729 311 8998
1999 637 1465
4872 249 -8843
1448 2219 9172
2701 4181 8742
2166 959 -7456
3666 2276 6275
3196 37 3076
1726 3300 8578
460 1324 -3576
3978 831 7892
2256 1815 313
2789 1514 1441
162 1840 9192
3936 4471 -1333
3261 305 5722
4074 2211 4319
3393 2169 1177
998 1001 9265
883 3581 306
1528 4965 1267
2442 4772 -2918
3275 4650 -1775
91 4458 2553
182 1548 7510
558 4318 9030
4707 4318 7706
1319 964 7000
3790 3110 7378
422 1467 4995
308 1828 441
3488 4592 6633
1153 3959 1791
2796 4514 -2325
1345 3560 3078
1406 2476 -4212
4144 3741 5127
3831 934 3286
3354 4775 9755
1027 1171 8066
1716 4613 386
3722 2332 8831
3544 718 8671
3455 2764 -4492
1317 1098 9449
2940 3315 -1625
2125 938 28
3596 4724 -4619
4598 124 9942
2496 4646 3980
1401 3696 1819
1395 1542 -7432
3198 3638 4866
1333 1051 -8114
4333 1982 3925
4860 1913 6637
1151 789 1157
4358 4999 -3012
4171 687 515
1929 817 -3058
137 4567 -6552
371 4415 4058
3547 1553 4766
4562 3932 7664
2423 3889 -917
93 927 -1598
807 257 -2335
2841 4269 8433
1648 239 7572
3029 2045 7801
1334 4748 9919
758 2571 7212
1927 918 159
1564 3870 -5219
4419 4031 1047
4691 2338 3820
1939 1756 5038
4523 4879 3655
119 3111 -2944
4817 224 -1833
1798 2590 6011
2876 2564 9788
49 4009 8930
1352 3833 3756
1608 4440 2254
3918 2220 -7435
2556 171 1448
3114 2113 -4046
1636 3295 6880
2515 1346 5486
201 4712 -4458
543 392 1513
4257 2289 -6571
3053 3435 926
3231 3134 -9232
873 1296 7877
201 4411 7368
1212 150 1236
1537 1570 1221
4457 4256 -1866
4342 1289 8767
4848 4030 7417
3120 1193 -4144
1095 3660 6084
3718 1529 -8889
3540 3977 -4693
2115 2001 -6860
4668 4961 -5561
3781 3871 1968
2768 3500 4466
661 2757 1920
626 2925 7396
2571 4457 -3516
1853 660 5016
223 403 5207
4994 412 2076
1424 1683 8887
3052 781 65
1224 4913 8952
1325 3947 7580
3534 3914 2905
4582 4165 -102
1075 4858 9677
867 1343 7932
3046 3357 -5660
788 1569 2016
4337 4500 8447
1125 574 5606
1385 3142 9368
703 2454 2119
1281 2661 -8808
2725 1324 81
1352 1205 2470
1608 4928 8549
4222 2040 -1503
740 3326 -1944
4523 4060 -2032
1969 2925 899
2145 3091 3486
4322 1753 -2515
3741 1755 -5695
1689 2754 -4938
2033 36 7102
4729 19 1339
1045 572 683
1747 2508 -8850
2433 1342 5256
490 4632 5194
4005 751 -8525
518 4775 -2421
3081 4672 1045
429 4069 -4503
3741 2495 223
3413 3193 8811
1771 2357 -5246
1603 2024 6813
632 385 2041
896 1319 3742
143 1884 -9788
1254 1188 -8116
2334 2163 -5141
3655 878 663
550 296 2471
815 4360 341
2343 2601 -9675
3397 2779 7615
154 3520 2138
630 993 3130
2933 593 580
4706 3754 254
19 2999 -5533
2357 2138 7482
945 255 -9979
1911 145 -7023
1978 3948 4793
829 394 9232
4116 3017 8502
2646 2845 -4936
1656 290 -3686
1542 917 -372
3478 956 9392
1942 2242 -3685
1407 680 -6799
1897 1368 -7615
4154 1116 -7057
3561 2007 5261
3336 673 8539
3689 2393 6491
1679 454 6707
696 727 5290
1162 3748 2325
2732 4796 8207
4943 3552 5679
2389 696 1588
2624 172 4052
2430 558 -982
3675 2559 3068
1999 2854 1030
1426 4096 -7891
4470 3316 -4136
844 3207 2758
1305 1736 4711
4018 2956 4841
245 4 494
2290 4221 275
755 945 7136
1008 188 5136
2093 2938 1106
3680 1639 5198
1870 4711 2460
3941 2943 -2337
1855 923 5948
4509 4378 9712
1338 687 -4738
3946 3633 6358
1667 3037 -2484
1131 4626 -1633
2882 341 5868
745 3270 1398
3595 3571 4229
2547 3412 7883
2510 63 306
674 789 3435
3728 2516 5912
3342 4926 1974
4223 4946 3007
247 754 926
4042 1037 -6500
2244 925 -6411
3039 427 -7977
3552 2234 600
3194 1417 3300
2920 1749 6788
1853 4375 -5148
4118 1425 6018
1154 4775 4352
1905 3500 7577
3 962 8927
170 2222 -2741
2763 2075 6993
1097 3518 1764
3970 3378 -5068
2030 3301 -8586
133 1306 9184
1225 3633 -7709
4332 3148 -7532
3978 1995 1561
674 194 6374
1569 105 4942
3160 4005 7048
48 845 8429
4491 2215 5597
132 3572 -3791
1425 2369 -7976
3656 2007 -4958
3480 1542 -6797
2193 598 9482
4247 1134 4102
3931 2736 7701
1586 220 -2463
4946 4781 -695
3299 3537 2106
2042 1396 7642
1044 4719 7884
520 1069 3663
901 2479 750
3599 4104 3672
1556 339 1854
3916 2404 -108
280 4932 8811
1674 1281 6678
1006 1693 9692
1031 3502 -3654
1804 1886 1946
1437 2060 4271
2313 955 2881
2753 801 1607
2707 2666 -8483
4247 1998 -9786
2622 4496 2085
2365 2401 5207
2252 501 7985
1219 2396 4242
615 4979 -626
3562 3548 5424
4761 147 -1946
3386 3099 4270
157 2993 895
2858 414 -9194
4779 4531 4058
4188 120 3448
3768 1997 8903
910 3973 -8607
636 2456 9832
2410 48 858
3418 4878 -690
542 477 4375
771 1319 5166
741 4992 5179
4619 3352 3033
2989 780 6092
1139 3663 8740
1567 829 -4325
3293 1216 -2005
4842 1439 1862
4923 3275 2277
440 2684 4001
2097 1524 7072
991 2962 5166
4318 3977 -1240
265 2106 -104
3983 2600 5185
2645 3594 654
4708 2870 2326
308 852 3443
137 3521 -9347
2501 421 -3775
2070 4207 1402
377 4759 5979
2463 3524 -1007
4999 4224 9336
3141 944 9291
4297 3600 8313
1523 3023 -8620
4262 2815 6677
4602 4687 339
166 1652 4854
1789 782 -1748
4881 2591 4380
2086 1169 346
520 2016 9611
4583 470 -689
3250 3478 6521
2130 4659 9594
361 1562 289
562 1764 3963
2194 1641 7378
3415 2282 6940
1784 3637 5152
422 1902 -7323
66 4964 -6610
3719 658 2217
312 3015 -7123
693 1160 171
4306 3532 2274
2849 1385 9257
58 2445 642
1759 4495 -4562
541 4039 -4298
3976 2051 5526
141 988 -9157
1870 2561 4395
4978 1874 899
1651 2879 3449
2004 1642 4135
3555 4954 -1646
1899 1689 -7591
285 1040 -42
824 4674 7007
4862 1855 6628
4897 2258 7439
3862 2300 9939
1216 1410 -4344
4616 581 -4854
1060 345 -2386
1110 3728 557
3031 4711 6409
1516 2761 -1134
2215 1723 8428
4600 4713 -7889
982 3383 6797
1528 4281 900
1873 1655 -1395
996 2443 599
4900 957 987
3688 1833 5377
1477 4295 1059
4531 1316 2425
3212 2871 -7677
4187 1791 9070
114 1483 -7986
4494 3953 5200
3191 2483 3948
1546 3990 6628
1921 2677 2107
399 3375 -5716
2820 2708 5522
3567 1677 -3549
717 4908 5111
2237 1786 2591
4894 2576 9158
1339 4216 -5360
254 3789 -6238
3954 4984 362
3341 1637 1218
3422 341 -8328
3852 693 9145
400 606 -813
3395 974 63
2090 3096 -8014
1265 1535 3234
798 841 -8770
3544 386 6310
816 4781 -3369
542 115 513
3471 141 -5570
1773 1628 -8000
1672 3508 836
3284 731 2464
4307 704 3782
820 1130 1926
1123 2063 2902
2579 2599 3064
4250 2951 2374
37 2706 -9425
195 4469 506
3262 1482 -1184
3935 2703 -2508
2257 3031 4313
265 2618 1593
4844 2321 -7459
3314 2197 9937
122 1592 -3145
2158 59 7978
2311 2034 7306
4684 29 797
176 1160 7609
2473 4174 -3912
216 4905 7789
2318 3869 1242
3660 1582 3090
3758 4423 2938
1776 2620 -22
4329 938 -6001
4983 877 8300
2524 2827 4763
2968 2424 4957
1230 4024 8011
1443 1260 -8306
3349 2839 -6580
4392 2689 -7483
2263 2590 -4208
2856 2919 5227
1273 4737 8860
2066 4468 -522
27 2087 7930
1192 2890 -2962
4290 653 -3294
2591 903 -1890
117 3905 241
3595 3308 -7886
4584 1664 -1345
3408 1006 2861
3068 2545 2960
2554 4648 6346
3253 503 -7281
734 1839 3331
3371 2171 4894
1695 1213 5357
4937 3200 1636
4818 4527 6542
4185 3253 3796
4874 4999 97
2455 1167 -5940
108 362 2550
281 3044 8765
3580 554 -4607
2589 4537 7883
3278 1198 2949
1059 1597 -7104
4422 3317 3745
191 4251 -2641
1161 2247 -4339
2952 1708 -2887
2602 1700 2190
2803 931 -9743
1006 1938 -5817
4681 3863 -3818
4400 963 -9168
4765 1429 -558
4574 253 6913
727 4483 -2563
1810 2001 8080
2996 470 71
1074 813 -2307
1587 869 3611
2168 746 3367
1097 2204 6068
4650 3054 8073
2334 2218 1835
1179 4723 9070
2286 4611 4301
1784 2174 6396
3322 1798 2123
2548 4689 8462
1884 2216 -7051
389 1841 -3507
974 4663 3477
2077 2880 9840
4180 2104 -2759
3370 3517 2714
3581 3666 2034
3990 1263 1692
2597 3865 7355
3256 4254 -1255
1462 3868 9002
569 938 -189
4955 71 2814
223 2089 2709
532 1321 -6456
2942 926 2651
325 3455 5099
3338 1613 7245
1390 2479 -1426
2950 2576 2271
3669 694 6106
1432 1588 4023
3423 2443 5540
2242 581 6049
4395 4586 -7141
3187 4990 -9757
1663 442 8037
4140 689 3356
456 1759 1939
3012 2157 -5574
4815 2544 -5407
1660 1347 7255
2983 1458 9071
2283 4137 -6654
3728 1603 3787
3219 4087 1373
1535 1648 -2193
2371 3693 2476
579 2736 6449
2891 3562 1221
4809 1103 -5218
2035 790 1993
113 4340 -6203
36 1865 8298
895 1043 6411
4917 4770 9423
2132 4732 9490
96 1241 2483
1906 3385 4182
3010 365 -6646
3891 3164 3247
4758 1263 2298
306 1223 3946
1915 2645 6232
3664 2538 5162
3290 384 -1769
4081 3769 -7762
3241 262 3837
909 2115 7149
3322 2041 2823
920 1836 118
2628 4862 -5070
985 763 64
3257 3975 -3854
2222 549 2032
2150 2098 213
863 1368 8877
3055 4871 1047
591 2593 6215
2176 2109 5995
4911 4616 -6765
4405 910 -6939
2762 4854 -1798
1627 3935 2008
3994 3397 905
981 2409 3891
4329 504 -7797
3680 2059 -4181
4568 4367 2106
839 2605 8808
3212 2877 -605
488 3054 7804
548 1809 1672
2748 1527 3
2149 1480 9159
3883 4366 7157
2398 1426 1660
822 853 -2365
1093 1944 -3501
3939 952 6842
160 2508 8353
4773 2778 -2079
1844 3730 6102
4761 4600 339
4153 3959 9742
82 500 2866
2771 3913 1501
4654 571 -5178
2467 4231 -5165
2095 1464 702
52 1060 -7626
1915 3079 8727
1127 4040 2167
1276 2307 8990
160 1775 9895
4465 1305 2291
2655 4080 2292
3915 1570 1578
1727 111 9771
3408 1573 5208
162 1036 -718
683 3483 3466
2947 3585 9937
4898 65 4479
1987 4224 3118
2431 4065 5529
4597 355 -4545
4232 3297 560
4177 2146 1452
352 3218 -9678
1901 233 -4388
2179 4138 1460
4503 4663 -834
1237 1363 -2964
1933 4096 2692
1308 1219 2373
1637 2940 3625
417 4922 6130
3869 438 4744
1155 3870 -7003
860 998 1834
317 2330 483
855 2007 -9227
715 1450 -1664
1549 1817 6301
4016 681 3678
2939 1288 -6773
4139 4980 1068
1185 1659 4012
4885 45 3197
1259 1518 2367
997 2624 -3497
4001 4473 1743
676 105 -1065
2047 4399 9442
906 2940 4895
2222 144 6769
2087 107 -7948
1354 4503 7368
4858 2052 1895
4090 4972 8185
4622 3177 3853
210 291 457
2088 2438 8683
3492 1083 -5473
458 726 2854
2659 4592 2686
4163 1798 2164
3526 2978 897
2005 168 -1024
915 1780 -7328
3549 1842 9450
594 1406 9763
999 397 -9460
4470 1019 1048
3239 4302 -262
4031 451 1120
3137 32 1147
4803 4514 -8000
314 2040 -6562
1904 3640 5249
1637 4064 6126
2163 1383 -1152
575 61 -38
637 2720 8830
795 3168 3446
1985 4742 1921
2102 4296 44
4111 376 -6273
1692 351 4635
1659 580 -3196
2122 481 2156
4455 2943 1043
1914 1960 3960
4189 1542 -42
562 163 -9503
2214 2576 4220
716 4866 -3589
2190 4105 -8885
2456 3419 5168
2141 4345 2438
358 240 9387
919 1827 -9285
3732 2103 -5205
4525 4031 906
4654 2433 -2242
4066 3056 5891
849 4251 8281
359 751 7504
1919 1056 6005
4456 878 -3608
2119 2333 -9764
2132 829 -2419
1913 4324 -2203
4841 3592 6157
1806 3730 7520
2926 3815 3929
4318 3905 -7983
1463 733 172
920 1214 2614
4972 194 3582
4526 1027 7432
914 2473 4829
2918 2894 6797
361 3563 3673
2738 265 7377
308 2874 7641
1729 2160 -2145
2988 4414 724
2524 2246 9777
4766 2059 1321
313 1465 5144
2032 2313 7432
987 3065 3058
4280 3 3414
833 3965 -798
2205 3609 -8909
4563 1366 6205
1115 4238 6554
440 609 3945
3388 219 4638
338 4449 7324
602 4266 -6397
1448 2939 8900
1958 3499 9169
3995 2057 6038
763 2571 7416
3282 712 2472
2652 3032 690
1758 778 9285
882 4566 -4228
3718 1308 -9133
2127 4869 9576
3869 601 946
3358 4608 9531
1911 1909 -2348
3592 4871 -8029
4840 4322 5942
2272 3174 6052
2484 3279 4831
3136 4101 1402
1392 3564 6026
787 4574 2794
4632 2480 -7550
1056 2154 -5063
2174 2643 2183
4701 196 -9749
3978 44 1683
1490 3180 -190
700 1196 3190
1554 3990 3070
3907 3224 -5478
437 4128 8936
2210 4211 -2480
4177 1335 -6399
4662 3707 2193
3700 4155 7453
3394 191 2237
1403 4438 7728
4667 855 -348
2670 3409 8295
859 4484 9192
2250 2359 9657
2394 1123 5057
662 4672 -6207
4697 4767 2553
2159 872 -102
461 1836 1496
4772 4909 7758
4266 2597 -7032
1018 1868 845
1957 598 8554
2745 2445 -8204
65 2283 6944
4493 3842 -3336
2307 4079 -3377
1534 1908 8979
3894 4670 8600
1424 1830 8321
2832 4652 6085
4164 784 3932
4114 2083 7803
4085 3430 5472
380 4176 1104
1060 518 6815
4743 3806 6080
1652 1510 -9182
1425 4483 -635
4679 3603 918
2853 494 2642
2160 3619 7124
89 1239 -9373
2534 4684 394
2670 1255 -2312
3735 770 3724
1075 1044 -1377
131 4877 4355
3057 2526 4092
3788 2920 2109
2696 293 -5232
685 1180 -2043
993 784 2488
248 611 2050
4275 3967 1538
1366 1950 2011
1823 4634 7139
1820 983 5747
4699 3344 -3617
3016 4615 -8364
2195 377 4151
4848 1025 4698
3755 2636 4997
315 1694 6550
4782 794 4653
2413 1983 9326
1754 1081 4583
343 2430 7459
1217 1163 2734
1197 909 -2010
866 2348 5217
2215 2116 5980
3422 895 4627
2273 4000 1174
1443 1713 540
99 431 -3401
2165 4556 3253
4041 4221 -1995
1656 381 6319
2852 1290 5972
3927 1807 -7405
4183 2410 2818
3281 4358 -1782
1419 1724 -1766
534 2885 6916
3668 523 9701
4102 3233 2007
1321 2888 9240
2178 4083 8451
1472 2653 60
1473 2354 -3726
591 2779 6866
4820 2694 3443
1444 4438 1680
3643 3846 -6641
31 3412 -4462
982 3027 -8348
242 1305 4666
4388 1019 8603
3376 2366 -4516
4912 280 1513
1515 3957 -7683
2111 4382 1397
1396 2199 1823
75 2624 2802
2680 6 9909
2859 2123 -4839
2149 388 -6502
4857 2849 9391
4104 1602 -1735
3267 3984 8106
1682 1417 -7474
586 3840 2635
2047 3229 7796
1342 1113 4904
2062 1812 -8878
1167 1826 -2157
2212 3796 6596
566 2707 -954
465 1066 1841
1642 1325 8256
1617 3276 1841
1755 3724 4695
1580 1672 3669
2283 620 3851
4918 1491 3762
4392 361 2011
2864 1747 4082
995 4477 -3497
741 3052 1522
2948 1070 -6924
4710 3367 7171
804 1854 5329
1846 4543 9001
2057 3201 166
1775 1890 2095
1094 1378 9005
2083 526 3360
3464 1782 7727
1540 361 6111
4026 1831 9799
397 4568 8513
34 1699 7730
1174 529 2510
1314 2091 6086
1084 4800 4307
3240 3172 56
4934 4486 -9795
3406 3841 8356
2353 1550 5537
26 7 9369
1118 3990 -695
727 2591 8394
1495 1740 8355
4675 1768 4750
1069 2102 5189
2863 2619 9985
1205 3841 -2050
2362 2029 9329
3902 1971 1828
4798 4144 -1938
3148 1113 -5464
1561 1082 -7770
4432 705 9070
4941 2117 486
2590 4321 5996
4833 885 2515
3438 4231 3211
4222 1157 614
1420 4982 -4329
2922 3306 197
2824 624 8646
185 503 9083
1622 2006 -2359
4391 2839 -3415
1414 1665 -7494
1087 22 -669
2230 1013 7919
1407 4849 5460
4587 2249 8164
2761 2393 4583
2260 3208 6555
4916 2211 9941
2831 1931 7755
2177 1347 -3473
2042 4701 5170
2127 4101 4882
3611 1573 -7842
1536 4387 916
1776 2608 1039
4985 3698 -6821
3232 1588 1347
669 2724 -8280
3400 2142 3754
2122 3135 2134
4864 2421 -9398
67 1765 7128
219 4948 -1468
2333 1746 -1134
1474 4492 -4357
2738 4889 -6699
2161 1728 5615
2593 1008 3239
1088 1447 -521
1076 1791 4620
948 574 3306
2160 2789 6153
4724 99 -1611
3185 1098 2690
4188 755 -8664
2203 990 -4878
1109 909 -3171
1978 945 8216
3403 2660 -2449
3827 1401 9198
694 697 6667
1504 1056 -8101
4194 1047 2318
1009 35 3315
4295 3125 8044
4349 4387 4019
4801 2216 -3529
853 4680 2709
2640 1406 -7358
1890 913 9899
2434 28 -1961
993 2077 2702
3324 1017 4571
1694 2030 4327
669 3080 985
1454 1168 2550
435 2946 -1948
2156 3806 4638
2476 722 17
2141 270 2310
3654 3104 -8154
2748 4696 1018
4847 4694 -6922
775 3091 -1400
654 1102 1277
888 3784 -2292
664 1218 9342
4756 1445 997
4588 201 1231
4335 2963 1093
1720 4329 -3253
1423 2424 9828
4258 24 6616
4757 181 -6886
4423 202 -9831
2679 2185 1041
3207 4262 -2211
4048 3853 -3904
1750 4321 5087
1862 2591 754
2749 3929 -7975
3435 2711 8636
1720 1963 118
2837 2756 6003
2134 4534 -1006
3102 3608 9459
412 374 9043
3557 3463 4986
2641 4866 -2400
2986 3605 -1805
3835 3086 4801
2926 2637 1170
609 865 -727
2409 4914 -117
2023 3256 3240
4362 4130 2916
2062 2713 -2908
4171 4310 1315
2593 3521 9985
3731 3292 344
4577 3703 1528
2578 1909 7823
3681 4335 -1765
1832 127 -5592
1378 720 1251
1910 4420 4436
897 1054 -3278
4034 2633 3516
4900 792 -9527
3376 1248 -5177
3561 2811 2979
2676 4510 -6413
343 2197 -5148
3585 3814 -6329
4427 1299 8255
1782 2252 261
4148 1012 2349
4267 2731 7131
2616 716 1210
3304 3479 -3900
949 522 2129
2974 3284 4506
2176 474 -2766
1844 3493 2508
3737 540 9122
1108 910 3757
644 2914 2290
2051 2451 6157
3498 206 2920
1316 606 -1598
1447 4322 -3393
486 1381 5609
1162 1150 4941
4985 4017 3015
2455 4870 787
4181 4360 -4712
4376 3057 6986
1244 4 -2591
88 259 9921
4739 3458 -1731
1695 219 3640
3381 2268 -9680
3937 2110 2772
4655 287 -676
510 1483 5295
2853 2686 3123
2027 229 1942
4723 2645 932
1152 2956 -553
3469 95 9185
1520 763 286
2056 3297 -283
2141 724 319
399 3540 5651
3969 1776 -9479
3023 4383 2850
3662 1863 5289
4355 1146 -2082
4950 2558 9641
736 3436 -2115
52 1620 -7729
66 1670 519
3161 3044 -9598
4686 558 550
4432 3350 -656
2070 2213 -1275
4515 4285 349
3136 4434 8181
2803 2307 3006
503 3164 8727
700 4473 5329
3384 4508 -6680
3678 583 -966
1806 3145 2020
1581 3338 1730
4695 4233 -1769
3338 4825 -2063
3981 559 8090
3225 2639 -8441
3022 3783 9008
3233 3404 -2034
3988 4700 2996
294 2172 -6303
4477 2763 2358
4074 2974 7849
3004 69 -1546
2384 4182 4974
1127 2921 -7653
2168 644 -5646
4895 4087 6932
3110 1611 -2558
1779 1398 -1782
1274 4458 6519
1469 3200 2685
1441 806 -4168
2691 136 3393
1171 2806 7856
1575 499 -7212
795 2542 6021
56 196 1455
4514 1509 -5728
2967 1830 4684
3669 352 9534
2403 630 6586
938 4924 -689
4165 2342 9572
2431 919 8189
1924 1732 -682
3379 4728 7403
3018 361 -8607
1187 186 3321
3574 514 -2713
478 2629 -440
800 4474 -404
2641 1597 9293
4696 1726 -3887
4068 313 -6673
4071 1871 -2333
3891 3813 9282
2516 3956 5142
2110 2153 -3839
1008 3198 148
1594 3960 3839
2611 1186 -614
22 3994 170
501 1426 2704
2222 4802 4366
4165 2732 2360
4235 2560 -188
4014 4569 -2667
2769 2992 2297
1837 1496 -2758
1295 3169 -1566
1380 1 7838
2699 1784 2568
386 1138 9673
260 2978 -9225
969 557 4178
2958 1509 6644
3238 4328 2873
721 4232 2197
4941 1092 -6512
154 4526 -6615
1042 2686 -3039
2441 3671 2188
2185 649 3249
2265 695 4824
1839 2266 7557
1675 246 -438
4111 4642 -2622
4428 94 2434
4086 1800 -9075
3042 1664 1821
438 4709 9104
3571 1263 -9053
1823 4878 9603
846 1034 3402
3210 4277 -2415
1976 1151 5762
468 424 5677
944 2883 -6838
2665 2889 -5014
3603 59 7515
375 3180 -8619
1001 326 -6937
1790 3372 7261
1494 425 -9999
4766 1415 -4165
4498 3321 222
2729 1789 445
4097 3996 -2665
2765 4637 9332
2684 1377 5627
796 1215 6414
3294 4547 -1121
1788 4611 978
4208 4035 6460
1423 3921 1675
102 587 2928
35 4231 -7127
1984 811 8328
867 1847 1483
465 4143 2768
2733 4069 2141
51 4447 473
1466 4317 5641
3281 174 5464
4081 2323 -6973
3835 852 7096
4572 3522 3660
3870 1508 5619
3497 294 4334
850 1815 1453
3042 1689 -6095
2002 399 1705
2029 4562 1724
952 3252 8258
1405 409 329
990 698 1860
1904 3004 1053
973 689 5632
4959 3966 212
1786 2804 -9051
169 2506 1053
1588 3667 4111
560 1428 2921
2080 1906 4105
4939 1137 -1986
3101 4527 -6905
3490 3290 -7522
392 3463 3637
3949 4701 -823
81 49 3991
4853 4716 -3526
172 3154 4778
4816 2844 -8101
457 3544 -8977
4602 3254 4367
3892 4583 5873
1279 3370 3716
1310 951 7666
2866 4319 -6582
2146 2531 2273
2378 2188 -6557
1809 1859 5985
2887 1667 3284
4439 668 4901
1465 3257 298
3467 4987 1943
1273 4575 1650
2659 3725 8181
926 1291 -1331
2006 890 -9103
3170 3320 3625
2496 4053 -3066
4042 2249 6258
2521 4142 6832
4746 194 3410
4678 3257 3901
158 4880 -7055
4206 2652 5475
4434 1684 -2630
3535 3212 2519
4939 756 6868
519 3233 6611
2115 1178 8893
2251 3245 -6802
1 203 -5177
1580 4225 -3751
4823 2217 2658
4108 3912 -3078
2011 97 -824
589 4370 7065
838 3438 -3021
2203 875 220
1776 956 3337
3373 1057 1313
2714 4054 5654
1848 1985 9901
2810 1344 869
3100 803 4410
1907 4333 5832
4669 3929 -1763
3730 2819 454
2683 1428 -4282
2874 3314 9754
2162 2168 -278
1816 1481 -3172
35 843 -7437
4400 1513 6951
329 257 7774
1575 2384 4409
2077 3683 3051
4231 3103 1606
1003 1491 -6839
2670 12 6254
1154 2865 2604
4863 233 6658
3176 3842 3335
2415 995 4362
740 1764 -1209
945 4668 9586
401 2051 -9880
3707 2353 -985
3994 4151 6173
4535 1037 7584
3281 3195 5028
3051 1444 129
630 2448 6623
801 4545 -3350
2935 1544 6739
2960 905 -6125
474 972 4841
1049 917 -4715
3492 198 -5406
4978 204 2182
4789 343 -3123
1814 182 3209
4490 3803 -718
4851 2282 -2788
1986 1272 2344
4499 545 921
2201 4562 1293
3317 4033 2272
1801 3426 1583
1161 475 1828
1500 2186 9395
3503 4549 7204
3770 4755 1153
4144 2577 1427
3881 3831 2712
1186 68 1113
256 4199 -537
177 1840 2527
940 2887 3544
2729 2219 726
1611 2797 4174
3933 3885 2113
1315 1149 9497
867 2966 695
900 3536 8330
2662 4374 5442
3634 3232 -981
3275 4554 7058
4604 766 9653
1980 22 -2907
64 1956 -9142
3264 3293 -1971
3949 675 2041
1040 1851 8597
415 2847 -9956
2276 1732 560
158 702 735
3324 1290 -7160
3999 60 1720
2279 4139 4404
2929 1618 -1952
736 2800 7903
962 1954 5756
2100 1448 -7944
3456 4173 3140
469 4442 578
3072 2638 2199
978 4503 -6420
2986 4036 -5381
3565 2198 6089
2195 3611 -2404
3739 4541 -2737
762 3347 252
2312 4911 -1215
11 856 -891
3816 368 3257
1503 2361 5617
3271 4235 -9307
2650 3705 9893
3418 1605 -4661
1116 993 -2495
2444 2879 7784
3089 323 5771
3250 4168 8044
1945 4928 4684
3295 4553 3293
1408 3724 -2487
3753 2447 250
2407 4941 9028
1385 2212 3045
2193 1176 -1857
2591 2550 -6261
1087 1835 6110
3468 774 -8903
3092 220 3186
4822 555 -6697
298 3624 7748
1584 1525 -5949
1683 1381 -7363
383 4146 1276
3481 2081 -4927
1622 1436 -2113
103 345 957
3099 1401 -777
997 1075 8055
184 345 -2266
304 4508 4778
4331 3500 6041
4759 1962 -2134
3678 362 -6786
1456 1851 9042
4751 4673 7156
4561 1388 -2549
721 186 -8418
4039 2491 8093
4065 4908 1395
1634 3374 -7468
1323 4519 -6371
3407 2554 -6647
643 3739 80
1053 1493 -3638
1428 1775 414
4952 4028 4502
1148 4114 8836
289 3814 7705
4869 2861 2204
1596 3102 4485
3565 3951 7222
3849 3917 -4161
767 56 2150
1188 4485 5467
1833 1078 -1138
4061 840 -2821
2092 787 7973
3368 2511 -4771
2704 2645 3070
174 4020 3999
293 885 -9873
898 992 -3958
1538 4440 7269
757 4845 -4296
4393 1217 5253
3218 2094 5691
1937 3069 2768
2259 2761 -6232
4555 3174 4953
3314 1812 6141
2606 361 3015
2569 1821 2345
1171 2447 7974
114 3761 -9699
2610 455 8276
648 3398 8212
4499 3443 3876
3749 3041 -2456
2077 911 7583
1161 593 5922
451 2525 2414
2409 2793 2453
226 4252 -4977
1965 2554 6027
764 732 -1019
4753 839 -2081
1688 2379 -6996
2046 583 8249
488 3716 5510
694 3999 -6647
1681 354 7840
2843 2453 4500
918 529 3110
497 1966 5695
1798 806 -5167
1815 1281 1287
3162 2498 6550
1642 553 -8178
4104 1643 -9721
1529 2615 9961
4458 2538 6461
154 3246 9945
2999 374 1128
2068 2773 195
2817 1800 -7173
235 4001 -4445
3782 2445 3060
4048 928 4704
2807 2912 -807
4518 4871 -5752
2276 2789 6263
486 213 4407
726 3230 -4141
2003 2646 9890
1163 770 -953
1430 2577 2530
2086 2017 2702
3852 4865 7236
4076 666 9843
291 2120 7625
2320 3685 2100
3017 1463 -3847
1928 2145 6079
1862 1648 -1510
2573 2207 -9352
36 1317 5556
4775 1908 3494
254 2078 6754
495 435 5283
430 4422 997
380 3009 -9007
229 3990 150
3710 4512 318
3263 145 5074
4374 2029 3958
2988 4270 -202
4540 1042 -8578
4705 2162 6452
519 1788 5425
805 4355 3992
169 1414 280
964 3406 -4420
872 1828 3100
3351 2946 2345
3438 1208 -9225
3546 2619 -4060
3809 3353 3373
101 4256 85
3012 2911 6269
2187 453 963
3661 3017 -7904
582 2953 7367
869 1391 6815
1809 3793 4708
339 2328 6011
4013 1875 3141
3001 2149 3207
989 700 807
1829 4828 7705
3394 2507 9883
4674 3494 -6061
1055 4820 -2486
2660 3713 1619
142 4926 3216
55 4791 -8364
809 4701 1560
1393 2405 -2497
2114 1584 -8782
1852 1405 9563
2227 4900 216
253 564 3596
3239 3952 -8030
1559 2413 -6901
4023 3071 4030
4760 108 6318
4846 4065 6152
4635 2155 2273
1278 1065 -531
1757 1849 463
296 632 -2342
1288 1342 -6330
2928 1489 8832
4571 4281 -9401
3006 1124 3889
3879 3066 7031
239 412 -3727
1044 2984 5860
4385 1176 4114
482 3820 6514
2059 1773 9783
2625 4948 8794
1323 2306 -7089
673 137 -3493
1686 1171 -7139
74 4138 3011
4123 2927 -8344
1774 4606 7975
1496 3034 9435
418 4117 2200
2300 4987 -2351
264 3584 -1970
3739 3871 4073
1576 4157 -8563
1438 525 464
258 4372 815
168 4984 4612
3070 245 -4141
2289 3840 2244
4293 2304 663
3367 2409 2103
2437 3338 -3214
4336 4210 8484
192 3543 259
313 167 874
934 3770 -2559
2651 1903 6377
4631 4943 4588
4777 2975 9238
3169 4498 -3850
3067 4822 -8075
2760 685 -6651
3646 3959 9748
1289 3814 -4983
1361 50 4787
2310 3830 9417
1025 2363 3294
4517 3595 4176
1726 1033 9180
1609 2423 -991
1796 4568 -4267
3343 1479 4061
867 4751 -7325
2522 1045 3174
3480 731 -8054
1920 4111 -5784
490 3811 -480
4011 757 8326
3101 3570 8968
4929 4319 329
234 2544 -7038
692 2349 6234
3517 3305 -6040
4442 2668 2617
1773 3028 4927
2470 208 7130
2512 2605 7120
4646 4100 1138
1837 564 5709
867 4948 -9630
1360 2604 8506
3612 1180 -3741
4609 852 8673
3115 3974 8225
2757 3377 -734
4718 4040 7266
3060 1011 2163
1791 3035 1210
545 51 981
117 1934 6106
3038 4516 2141
73 1705 2020
4877 959 -3321
4297 2106 1839
2368 1684 2888
4673 19 2246
1849 2136 2193
4877 274 9017
4946 2386 1725
1096 2799 9579
991 485 -7128
5000 4410 7570
1535 985 -6948
4344 755 3594
432 2642 5142
4668 1919 -4130
464 127 8087
3633 338 -7085
3227 461 372
4835 2352 595
2884 2377 3839
3100 4314 8462
1460 1489 -4331
1499 111 989
4101 1772 7860
2059 1617 -308
2562 1685 8309
4272 476 -1097
4276 4924 -96
166 1218 713
3415 3661 -7466
1538 4001 4257
378 3648 6412
446 3147 5670
4979 3327 2163
2945 310 8222
4657 522 2688
1693 3970 6564
3088 1974 9289
111 2493 3720
2128 3218 -3382
2026 3426 6412
310 4617 9125
4645 3134 9624
746 1668 8391
2993 3754 4583
2815 4845 4977
2780 940 8744
2727 3012 7148
1960 1861 1966
3932 389 3429
3396 604 9152
3111 384 7181
1842 1506 -1226
3245 752 9514
3728 1140 6586
1629 2853 9284
2336 4844 -3043
3996 3306 2505
4615 2432 -238
4561 367 -538
177 1842 -5300
1105 1544 1083
2371 1878 -2390
1068 1468 8407
472 751 3781
270 3864 826
645 3706 4202
2287 4841 -5909
1861 3594 735
364 1901 -9374
1750 618 883
2123 4883 1869
4546 3870 3434
1995 391 528
3527 2035 4715
2954 4863 551
4919 4810 9345
1604 1032 2809
136 4577 -4683
3115 4721 -2990
2429 1009 -3611
2794 4047 6322
4459 1473 -7802
4840 2623 9384
373 2754 9763
3187 4815 4085
2193 1881 -8756
1747 2670 9361
2225 4888 5504
1299 2128 6122
2107 4758 144
4003 4843 7136
2338 3370 6813
4553 3660 9098
2282 412 -5959
195 1018 4543
663 2444 -6497
4454 3690 9342
4295 4376 770
2579 1609 8967
2923 122 9366
148 3574 -5247
1690 1728 8732
2251 2653 3600
4166 363 5253
2516 3925 -1367
3005 1497 -1067
2710 3611 7077
634 4619 4184
502 3396 -4206
3633 2143 170
4484 528 -332
3855 1246 9398
1284 3089 1853
4919 4271 7538
3158 3832 9633
1438 987 8681
4990 2568 845
3256 1647 5723
1773 3193 -7275
2240 2446 7834
2638 4806 1960
1413 2300 4574
4922 3624 6308
4927 4268 7090
2461 3361 4309
398 1682 -3189
2311 2033 1237
4299 2225 122
1235 2229 511
3021 4399 6152
619 4403 5510
3158 4252 -1531
610 879 2478
4059 671 -8257
4832 4033 2225
4168 3601 6478
42 4644 4444
4977 3600 9672
2872 952 7151
650 4413 2012
981 3058 9200
2400 1254 -8967
1386 703 -7288
3445 1037 1165
340 4172 2821
3904 1615 3814
385 2585 4342
547 205 2588
1823 3434 2595
1580 2519 1247
1797 229 6674
124 980 9105
1719 230 7283
1659 4908 6218
4638 4749 5
2922 766 -6276
766 2839 9518
3615 2770 7840
2503 321 4903
4124 3024 7568
1549 3369 9901
1489 1391 1339
3728 3493 7490
3077 2215 141
989 1009 -5562
2985 4527 7683
4954 2061 9695
62 2048 8947
1045 4204 9789
1338 2656 5986
2990 1623 4422
2711 2656 9132
3441 4440 7823
1099 3990 6529
1142 1055 8577
2249 1612 3522
3664 3417 -9257
3310 2815 391
1073 3620 9929
3213 1105 -6092
156 3532 -9365
1292 2111 8016
1905 1817 6742
1389 3956 3925
2245 2823 4891
1974 4660 1602
3240 1260 -9107
2369 3562 3444
3709 981 4755
1061 1290 8136
861 3922 1958
650 3840 -5139
1868 1533 -4777
1057 4663 1787
4227 1384 5787
3194 2475 1499
2220 2316 -67
364 376 8003
2169 2010 9657
4593 1936 -37
1462 1493 -7435
3447 4049 3769
386 4198 8074
97 44 -2922
4890 1431 2875
1091 2431 3847
3838 1321 5079
3009 900 3843
4962 3014 -1195
2265 488 -2726
846 2743 2808
4948 2149 1033
3694 2288 1188
3754 2504 9789
1651 463 -3895
4315 2604 -9669
2920 1472 351
4254 3637 3416
278 2892 29
1014 1118 -3200
1688 1677 2822
4631 4324 9533
4168 2572 8819
4390 2600 211
3128 2843 -7937
854 4065 -1256
2202 3348 2353
1252 3496 2983
241 1992 -1561
3092 834 4671
1565 4152 1297
1042 3961 1589
4995 3168 -2951
970 4323 1245
147 3414 4523
3320 577 757
728 688 -7156
1505 4193 -9147
1795 2307 5978
1239 133 3970
2936 1853 4202
4897 1714 1809
1487 2460 9397
4033 4570 -2019
3373 1356 3632
1396 3547 4792
3353 1437 -4550
1646 2622 -8179
4680 2835 3697
2627 1688 2650
841 453 -4725
4367 1900 2922
3945 4350 6517
3455 3951 -3024
279 2079 4668
3622 3306 -160
4033 1722 9414
3313 1676 2433
2206 193 8068
531 3741 9199
3754 1157 -4539
297 212 8681
3230 4295 5493
2151 1587 8209
349 883 -9135
802 3862 6638
4592 79 186
2892 2183 1709
2427 3865 -698
4771 3588 652
2333 4287 7690
2450 543 5741
756 3820 8309
870 3573 3097
318 809 -6110
442 4065 6427
2897 1858 6730
580 4550 -1248
2100 549 2353
1662 2472 -4062
1228 1335 4960
3989 891 3066
17 1982 -6842
709 2138 7216
3646 2888 -3106
1660 18 2367
4284 2715 3154
3323 1653 -4058
3287 4826 4776
2024 111 -1848
2096 2191 4884
1542 1676 -4757
1465 2003 4571
3875 1128 1023
1716 4943 -6967
1201 1046 -4506
3461 1295 485
1534 1978 8173
3811 1698 4245
1557 1094 3154
3691 2619 -6301
4482 3232 9353
540 4763 6630
4921 2826 9302
2660 573 6318
1544 914 3119
194 832 2133
224 4096 6095
970 984 -512
432 3131 149
213 302 -9257
2106 1155 1926
4038 323 6940
2469 3864 7350
4590 2217 2795
17 2530 5155
2264 3947 924
3910 2375 251
2966 1984 -3462
4541 1104 -9281
1826 1043 4055
3885 1452 4956
3654 4614 9217
2031 2996 1496
4309 650 1688
186 661 -7155
4343 1368 6598
937 3033 5088
801 1060 8103
600 751 6840
2354 4077 7581
4827 774 9700
455 838 6765
2534 2437 -3476
3737 4544 9216
1398 447 955
1818 1534 5492
1583 3583 4561
667 31 -1112
1123 896 -5632
3528 2624 547
618 4136 6951
10 967 8910
1260 3832 6378
1277 4761 9669
2193 2685 -9264
2416 1965 -1770
3337 4306 4116
2968 4183 7234
1565 332 -7668
1413 693 -2006
20 2893 7669
3354 2029 -7283
790 2778 -2749
4737 4966 4715
277 1701 6791
3757 3754 1458
3894 891 835
3967 1611 -801
1869 3782 -4564
3306 4066 6486
4359 2797 864
2543 1953 -2146
3750 2455 419
1425 2947 -2122
824 3820 -4012
1474 1135 -1863
2391 4636 3614
4700 593 -4166
2347 893 1184
4057 3680 -2233
3652 161 9646
4276 3433 6868
264 1878 5414
1581 3354 496
1867 2269 -2028
1649 3000 8715
2826 1668 7031
815 1498 -7414
647 3164 -1473
4996 251 -2070
1520 4275 5610
4712 4116 -5203
3040 2715 -6598
3807 2208 7260
4637 3937 -683
2666 4055 -562
1792 718 2484
747 2971 1145
4128 1666 7521
2372 3174 1530
2278 1756 4772
1912 1970 -8435
2474 195 -1237
2232 1134 1589
534 4065 -8223
2536 64 -2404
1246 1691 9184
1608 2574 3755
3414 1090 3581
2244 4404 -9606
732 3228 8445
3220 2585 1910
1089 892 -2745
4684 2298 -9505
3500 1206 3762
2244 2198 -4895
2207 1628 715
3857 2232 1342
3496 1195 -8874
4875 1087 6143
2993 334 3531
1518 1041 3766
673 747 -2302
185 2524 -6702
3577 1801 7908
2425 2700 -6787
1784 2008 2518
1991 2153 406
4319 4049 5950
3982 2725 3548
14 2834 -8203
2414 4634 2431
4909 2651 -3089
3092 1426 9516
3539 2795 6183
975 1893 5092
3995 1836 9415
260 4382 3179
161 3667 4450
923 4134 -1308
4978 3273 -1002
